	Sample	Longitude	Latitude		Type	Richness
1	BH2_FDSW220017122-1r	109.1590941	21.55293944	1319	vOTUs	263.8
2	BH4_FDSW220017124-1r	109.1590941	21.55293944	1334	vOTUs	266.8
3	BH6_FDSW220017126-1r	109.1590941	21.55293944	1360	vOTUs	272
4	BH8_FDSW220017128-1r	109.1590941	21.55293944	1314	vOTUs	262.8
5	BH10_FDSW220017130-1r	109.1590941	21.55293944	1335	vOTUs	267
6	BH12_FDSW220017132-1r	109.1590941	21.55293944	1347	vOTUs	269.4
7	BH14_FDSW220017134-1r	109.1590941	21.55293944	1572	vOTUs	314.4
8	BH15_FDSW220017135-1r	109.1590941	21.55293944	1515	vOTUs	303
9	DD1_FDSW220008388-1r	123.6935985	39.81195629	2737	vOTUs	547.4
10	DD3_FDSW220008390-2r	123.6935985	39.81195629	2476	vOTUs	495.2
11	DD5_FDSW220008392-2r	123.6935985	39.81195629	2810	vOTUs	562
12	DD7_FDSW220008394-1r	123.6935985	39.81195629	2653	vOTUs	530.6
13	DD9_FDSW220008396-1r	123.6935985	39.81195629	2647	vOTUs	529.4
14	DD11_FDSW220008398-1r	123.6935985	39.81195629	2662	vOTUs	532.4
15	DD13_FDSW220008400-2r	123.6935985	39.81195629	2575	vOTUs	515
16	DD15_FDSW220008402-2r	123.6935985	39.81195629	2483	vOTUs	496.6
17	DY2_FDME210438600-1b	119.164238	37.79432153	1202	vOTUs	240.4
18	DY3_FDME210438601-1r	119.164238	37.79432153	917	vOTUs	183.4
19	DY6_FDME210438604-1r	119.164238	37.79432153	1295	vOTUs	259
20	DY7_FDME210438605-1r	119.164238	37.79432153	1167	vOTUs	233.4
21	DY10_FDME210438608-1r	119.164238	37.79432153	1451	vOTUs	290.2
22	DY11_FDME210438609-1r	119.164238	37.79432153	1072	vOTUs	214.4
23	DY13_FDME210438611-1b	119.164238	37.79432153	1207	vOTUs	241.4
24	DY15_FDME210438613-1r	119.164238	37.79432153	1165	vOTUs	233
25	LYG1_FDME210455382-1r	119.2052329	34.89410646	4650	vOTUs	930
26	LYG3_FDME210455384-1r	119.2052329	34.89410646	4341	vOTUs	868.2
27	LYG5_FDME210455386-1r	119.2052329	34.89410646	4099	vOTUs	819.8
28	LYG6_FDME210455387-1r	119.2052329	34.89410646	3950	vOTUs	790
29	LYG7_FDME210455388-1r	119.2052329	34.89410646	3923	vOTUs	784.6
30	LYG11_FDME210455392-2r	119.2052329	34.89410646	3878	vOTUs	775.6
31	LYG13_FDME210455394-1a	119.2052329	34.89410646	3071	vOTUs	614.2
32	LYG15_FDME210455396-1a	119.2052329	34.89410646	1128	vOTUs	225.6
33	NB1_FDME210455352-1r	122.0301193	29.82061002	6193	vOTUs	1238.6
34	NB2_FDME210455353-1r	122.0301193	29.82061002	5293	vOTUs	1058.6
35	NB4_FDME210455355-1r	122.0301193	29.82061002	6330	vOTUs	1266
36	NB6_FDME210455357-1r	122.0301193	29.82061002	6259	vOTUs	1251.8
37	NB7_FDME210455358-1r	122.0301193	29.82061002	6128	vOTUs	1225.6
38	NB11_FDME210455362-1b	122.0301193	29.82061002	6428	vOTUs	1285.6
39	NB12_FDME210455363-1r	122.0301193	29.82061002	6348	vOTUs	1269.6
40	NB15_FDME210455366-1r	122.0301193	29.82061002	6280	vOTUs	1256
41	SY1_FDME210455397-2a	109.6807945	18.27040352	929	vOTUs	185.8
42	SY3_FDME210455399-2a	109.6807945	18.27040352	1406	vOTUs	281.2
43	SY7_FDME210455403-2a	109.6807945	18.27040352	1408	vOTUs	281.6
44	SY9_FDME210455405-2a	109.6807945	18.27040352	1612	vOTUs	322.4
45	SY11_FDME210455407-1r	109.6807945	18.27040352	1579	vOTUs	315.8
46	SY12_FDME210455408-1r	109.6807945	18.27040352	1677	vOTUs	335.4
47	SY13_FDME210455409-2a	109.6807945	18.27040352	1593	vOTUs	318.6
48	SY15_FDME210455411-2a	109.6807945	18.27040352	1511	vOTUs	302.2
49	ST1_FDME220007465-1r	116.7255591	23.32790454	2792	vOTUs	558.4
50	ST3_L1	116.7255591	23.32790454	1634	vOTUs	326.8
51	ST7_FDME220007471-1r	116.7255591	23.32790454	1760	vOTUs	352
52	ST9_L1	116.7255591	23.32790454	1362	vOTUs	272.4
53	ST10_L1	116.7255591	23.32790454	1545	vOTUs	309
54	ST12_L1	116.7255591	23.32790454	1325	vOTUs	265
55	ST13_L1	116.7255591	23.32790454	1341	vOTUs	268.2
56	ST15_L1	116.7255591	23.32790454	1310	vOTUs	262
57	WZ1_L1	121.0197392	27.85493975	7154	vOTUs	1430.8
58	WZ3_L1	121.0197392	27.85493975	7037	vOTUs	1407.4
59	WZ5_L1	121.0197392	27.85493975	7148	vOTUs	1429.6
60	WZ7_FDME210455463-1r	121.0197392	27.85493975	6885	vOTUs	1377
61	WZ10_L1	121.0197392	27.85493975	7486	vOTUs	1497.2
62	WZ11_L1	121.0197392	27.85493975	7753	vOTUs	1550.6
63	WZ14_L1	121.0197392	27.85493975	7028	vOTUs	1405.6
64	WZ15_FDME210455471-1r	121.0197392	27.85493975	7122	vOTUs	1424.4
65	XM2_FDME220007436-1r	118.066957	24.55815055	2760	vOTUs	552
66	XM4_FDME220007438-1r	118.066957	24.55815055	2382	vOTUs	476.4
67	XM6_FDME220007440-1r	118.066957	24.55815055	2103	vOTUs	420.6
68	XM8_FDME220007442-1r	118.066957	24.55815055	2415	vOTUs	483
69	XM10_FDME220007444-1r	118.066957	24.55815055	2784	vOTUs	556.8
70	XM12_FDME220007446-1r	118.066957	24.55815055	3110	vOTUs	622
71	XM14_FDME220007448-1r	118.066957	24.55815055	2547	vOTUs	509.4
72	XM15_FDME220007449-1r	118.066957	24.55815055	2706	vOTUs	541.2
73	YC1_FDME220007405-1r	120.9748363	32.82356196	4116	vOTUs	823.2
74	YC3_FDME220007407-1r	120.9748363	32.82356196	4034	vOTUs	806.8
75	YC5_FDME220007409-1r	120.9748363	32.82356196	3780	vOTUs	756
76	YC7_FDME220007411-1a	120.9748363	32.82356196	3953	vOTUs	790.6
77	YC9_FDME220007413-1r	120.9748363	32.82356196	3973	vOTUs	794.6
78	YC11_FDME220007415-1r	120.9748363	32.82356196	4191	vOTUs	838.2
79	YC13_FDME220007417-1r	120.9748363	32.82356196	4170	vOTUs	834
80	YC15_FDME220007419-1r	120.9748363	32.82356196	4100	vOTUs	820
81	ZH1_FDSW220008784-1r	113.6442374	22.43845252	1502	vOTUs	300.4
82	ZH3_FDSW220008786-1r	113.6442374	22.43845252	1932	vOTUs	386.4
83	ZH5_FDSW220008788-1r	113.6442374	22.43845252	1674	vOTUs	334.8
84	ZH7_FDSW220008790-1r	113.6442374	22.43845252	1802	vOTUs	360.4
85	ZH9_FDSW220008792-2r	113.6442374	22.43845252	1906	vOTUs	381.2
86	ZH11_FDSW220008794-2r	113.6442374	22.43845252	1806	vOTUs	361.2
87	ZH13_FDSW220008796-2r	113.6442374	22.43845252	1862	vOTUs	372.4
88	ZH15_FDSW220008798-2r	113.6442374	22.43845252	1837	vOTUs	367.4
89	CXD_1412_FDSW210423229-1r	120.7538438	36.45812023	4103	vOTUs	820.6
90	CXD_1414_FDSW210423231-1r	120.7538438	36.45812023	4263	vOTUs	852.6
91	CXD_1604_FDSW210423236-1r	120.7538438	36.45812023	3520	vOTUs	704
92	CXD_1609_FDSW210423241-1r	120.7538438	36.45812023	3590	vOTUs	718
93	CXD_1610_FDSW210423242-1r	120.7538438	36.45812023	3913	vOTUs	782.6
94	CXD_1611_FDSW210423243-1r	120.7538438	36.45812023	3955	vOTUs	791
95	CXD_1612_FDSW210423244-1r	120.7538438	36.45812023	3876	vOTUs	775.2
96	CXD_1613_FDSW210423245-1r	120.7538438	36.45812023	3874	vOTUs	774.8
97	BH2_FDSW220017122-1r	109.1590941	21.55293944	328	mOTUs	328
98	BH4_FDSW220017124-1r	109.1590941	21.55293944	316	mOTUs	316
99	BH6_FDSW220017126-1r	109.1590941	21.55293944	338	mOTUs	338
100	BH8_FDSW220017128-1r	109.1590941	21.55293944	304	mOTUs	304
101	BH10_FDSW220017130-1r	109.1590941	21.55293944	333	mOTUs	333
102	BH12_FDSW220017132-1r	109.1590941	21.55293944	319	mOTUs	319
103	BH14_FDSW220017134-1r	109.1590941	21.55293944	367	mOTUs	367
104	BH15_FDSW220017135-1r	109.1590941	21.55293944	351	mOTUs	351
105	DD1_FDSW220008388-1r	123.6935985	39.81195629	454	mOTUs	454
106	DD3_FDSW220008390-2r	123.6935985	39.81195629	446	mOTUs	446
107	DD5_FDSW220008392-2r	123.6935985	39.81195629	455	mOTUs	455
108	DD7_FDSW220008394-1r	123.6935985	39.81195629	461	mOTUs	461
109	DD9_FDSW220008396-1r	123.6935985	39.81195629	469	mOTUs	469
110	DD11_FDSW220008398-1r	123.6935985	39.81195629	480	mOTUs	480
111	DD13_FDSW220008400-2r	123.6935985	39.81195629	475	mOTUs	475
112	DD15_FDSW220008402-2r	123.6935985	39.81195629	465	mOTUs	465
113	DY2_FDME210438600-1b	119.164238	37.79432153	543	mOTUs	543
114	DY3_FDME210438601-1r	119.164238	37.79432153	510	mOTUs	510
115	DY6_FDME210438604-1r	119.164238	37.79432153	534	mOTUs	534
116	DY7_FDME210438605-1r	119.164238	37.79432153	497	mOTUs	497
117	DY10_FDME210438608-1r	119.164238	37.79432153	576	mOTUs	576
118	DY11_FDME210438609-1r	119.164238	37.79432153	479	mOTUs	479
119	DY13_FDME210438611-1b	119.164238	37.79432153	501	mOTUs	501
120	DY15_FDME210438613-1r	119.164238	37.79432153	503	mOTUs	503
121	LYG1_FDME210455382-1r	119.2052329	34.89410646	468	mOTUs	468
122	LYG3_FDME210455384-1r	119.2052329	34.89410646	459	mOTUs	459
123	LYG5_FDME210455386-1r	119.2052329	34.89410646	437	mOTUs	437
124	LYG6_FDME210455387-1r	119.2052329	34.89410646	534	mOTUs	534
125	LYG7_FDME210455388-1r	119.2052329	34.89410646	511	mOTUs	511
126	LYG11_FDME210455392-2r	119.2052329	34.89410646	378	mOTUs	378
127	LYG13_FDME210455394-1a	119.2052329	34.89410646	313	mOTUs	313
128	LYG15_FDME210455396-1a	119.2052329	34.89410646	89	mOTUs	89
129	NB1_FDME210455352-1r	122.0301193	29.82061002	598	mOTUs	598
130	NB2_FDME210455353-1r	122.0301193	29.82061002	489	mOTUs	489
131	NB4_FDME210455355-1r	122.0301193	29.82061002	598	mOTUs	598
132	NB6_FDME210455357-1r	122.0301193	29.82061002	570	mOTUs	570
133	NB7_FDME210455358-1r	122.0301193	29.82061002	579	mOTUs	579
134	NB11_FDME210455362-1b	122.0301193	29.82061002	567	mOTUs	567
135	NB12_FDME210455363-1r	122.0301193	29.82061002	542	mOTUs	542
136	NB15_FDME210455366-1r	122.0301193	29.82061002	518	mOTUs	518
137	SY1_FDME210455397-2a	109.6807945	18.27040352	220	mOTUs	220
138	SY3_FDME210455399-2a	109.6807945	18.27040352	254	mOTUs	254
139	SY7_FDME210455403-2a	109.6807945	18.27040352	246	mOTUs	246
140	SY9_FDME210455405-2a	109.6807945	18.27040352	246	mOTUs	246
141	SY11_FDME210455407-1r	109.6807945	18.27040352	229	mOTUs	229
142	SY12_FDME210455408-1r	109.6807945	18.27040352	241	mOTUs	241
143	SY13_FDME210455409-2a	109.6807945	18.27040352	257	mOTUs	257
144	SY15_FDME210455411-2a	109.6807945	18.27040352	261	mOTUs	261
145	ST1_FDME220007465-1r	116.7255591	23.32790454	522	mOTUs	522
146	ST3_L1	116.7255591	23.32790454	565	mOTUs	565
147	ST7_FDME220007471-1r	116.7255591	23.32790454	463	mOTUs	463
148	ST9_L1	116.7255591	23.32790454	522	mOTUs	522
149	ST10_L1	116.7255591	23.32790454	496	mOTUs	496
150	ST12_L1	116.7255591	23.32790454	445	mOTUs	445
151	ST13_L1	116.7255591	23.32790454	549	mOTUs	549
152	ST15_L1	116.7255591	23.32790454	559	mOTUs	559
153	WZ1_L1	121.0197392	27.85493975	536	mOTUs	536
154	WZ3_L1	121.0197392	27.85493975	518	mOTUs	518
155	WZ5_L1	121.0197392	27.85493975	522	mOTUs	522
156	WZ7_FDME210455463-1r	121.0197392	27.85493975	510	mOTUs	510
157	WZ10_L1	121.0197392	27.85493975	575	mOTUs	575
158	WZ11_L1	121.0197392	27.85493975	559	mOTUs	559
159	WZ14_L1	121.0197392	27.85493975	521	mOTUs	521
160	WZ15_FDME210455471-1r	121.0197392	27.85493975	516	mOTUs	516
161	XM2_FDME220007436-1r	118.066957	24.55815055	488	mOTUs	488
162	XM4_FDME220007438-1r	118.066957	24.55815055	526	mOTUs	526
163	XM6_FDME220007440-1r	118.066957	24.55815055	514	mOTUs	514
164	XM8_FDME220007442-1r	118.066957	24.55815055	567	mOTUs	567
165	XM10_FDME220007444-1r	118.066957	24.55815055	582	mOTUs	582
166	XM12_FDME220007446-1r	118.066957	24.55815055	537	mOTUs	537
167	XM14_FDME220007448-1r	118.066957	24.55815055	495	mOTUs	495
168	XM15_FDME220007449-1r	118.066957	24.55815055	521	mOTUs	521
169	YC1_FDME220007405-1r	120.9748363	32.82356196	587	mOTUs	587
170	YC3_FDME220007407-1r	120.9748363	32.82356196	581	mOTUs	581
171	YC5_FDME220007409-1r	120.9748363	32.82356196	586	mOTUs	586
172	YC7_FDME220007411-1a	120.9748363	32.82356196	570	mOTUs	570
173	YC9_FDME220007413-1r	120.9748363	32.82356196	594	mOTUs	594
174	YC11_FDME220007415-1r	120.9748363	32.82356196	591	mOTUs	591
175	YC13_FDME220007417-1r	120.9748363	32.82356196	592	mOTUs	592
176	YC15_FDME220007419-1r	120.9748363	32.82356196	582	mOTUs	582
177	ZH1_FDSW220008784-1r	113.6442374	22.43845252	375	mOTUs	375
178	ZH3_FDSW220008786-1r	113.6442374	22.43845252	476	mOTUs	476
179	ZH5_FDSW220008788-1r	113.6442374	22.43845252	408	mOTUs	408
180	ZH7_FDSW220008790-1r	113.6442374	22.43845252	464	mOTUs	464
181	ZH9_FDSW220008792-2r	113.6442374	22.43845252	456	mOTUs	456
182	ZH11_FDSW220008794-2r	113.6442374	22.43845252	449	mOTUs	449
183	ZH13_FDSW220008796-2r	113.6442374	22.43845252	446	mOTUs	446
184	ZH15_FDSW220008798-2r	113.6442374	22.43845252	451	mOTUs	451
185	CXD_1412_FDSW210423229-1r	120.7538438	36.45812023	574	mOTUs	574
186	CXD_1414_FDSW210423231-1r	120.7538438	36.45812023	551	mOTUs	551
187	CXD_1604_FDSW210423236-1r	120.7538438	36.45812023	498	mOTUs	498
188	CXD_1609_FDSW210423241-1r	120.7538438	36.45812023	521	mOTUs	521
189	CXD_1610_FDSW210423242-1r	120.7538438	36.45812023	510	mOTUs	510
190	CXD_1611_FDSW210423243-1r	120.7538438	36.45812023	556	mOTUs	556
191	CXD_1612_FDSW210423244-1r	120.7538438	36.45812023	546	mOTUs	546
192	CXD_1613_FDSW210423245-1r	120.7538438	36.45812023	535	mOTUs	535
193	BH2_FDSW220017122-1r	109.1590941	21.55293944	11917	vPCs	397.2333333
194	BH4_FDSW220017124-1r	109.1590941	21.55293944	11925	vPCs	397.5
195	BH6_FDSW220017126-1r	109.1590941	21.55293944	12720	vPCs	424
196	BH8_FDSW220017128-1r	109.1590941	21.55293944	12266	vPCs	408.8666667
197	BH10_FDSW220017130-1r	109.1590941	21.55293944	12011	vPCs	400.3666667
198	BH12_FDSW220017132-1r	109.1590941	21.55293944	12720	vPCs	424
199	BH14_FDSW220017134-1r	109.1590941	21.55293944	13977	vPCs	465.9
200	BH15_FDSW220017135-1r	109.1590941	21.55293944	13524	vPCs	450.8
201	DD1_FDSW220008388-1r	123.6935985	39.81195629	18694	vPCs	623.1333333
202	DD3_FDSW220008390-2r	123.6935985	39.81195629	16199	vPCs	539.9666667
203	DD5_FDSW220008392-2r	123.6935985	39.81195629	19291	vPCs	643.0333333
204	DD7_FDSW220008394-1r	123.6935985	39.81195629	18088	vPCs	602.9333333
205	DD9_FDSW220008396-1r	123.6935985	39.81195629	17869	vPCs	595.6333333
206	DD11_FDSW220008398-1r	123.6935985	39.81195629	17635	vPCs	587.8333333
207	DD13_FDSW220008400-2r	123.6935985	39.81195629	17330	vPCs	577.6666667
208	DD15_FDSW220008402-2r	123.6935985	39.81195629	16261	vPCs	542.0333333
209	DY2_FDME210438600-1b	119.164238	37.79432153	10027	vPCs	334.2333333
210	DY3_FDME210438601-1r	119.164238	37.79432153	5218	vPCs	173.9333333
211	DY6_FDME210438604-1r	119.164238	37.79432153	12290	vPCs	409.6666667
212	DY7_FDME210438605-1r	119.164238	37.79432153	11131	vPCs	371.0333333
213	DY10_FDME210438608-1r	119.164238	37.79432153	14227	vPCs	474.2333333
214	DY11_FDME210438609-1r	119.164238	37.79432153	9602	vPCs	320.0666667
215	DY13_FDME210438611-1b	119.164238	37.79432153	12047	vPCs	401.5666667
216	DY15_FDME210438613-1r	119.164238	37.79432153	10860	vPCs	362
217	LYG1_FDME210455382-1r	119.2052329	34.89410646	33305	vPCs	1110.166667
218	LYG3_FDME210455384-1r	119.2052329	34.89410646	30603	vPCs	1020.1
219	LYG5_FDME210455386-1r	119.2052329	34.89410646	29221	vPCs	974.0333333
220	LYG6_FDME210455387-1r	119.2052329	34.89410646	26140	vPCs	871.3333333
221	LYG7_FDME210455388-1r	119.2052329	34.89410646	25663	vPCs	855.4333333
222	LYG11_FDME210455392-2r	119.2052329	34.89410646	28859	vPCs	961.9666667
223	LYG13_FDME210455394-1a	119.2052329	34.89410646	18533	vPCs	617.7666667
224	LYG15_FDME210455396-1a	119.2052329	34.89410646	6949	vPCs	231.6333333
225	NB1_FDME210455352-1r	122.0301193	29.82061002	44527	vPCs	1484.233333
226	NB2_FDME210455353-1r	122.0301193	29.82061002	32577	vPCs	1085.9
227	NB4_FDME210455355-1r	122.0301193	29.82061002	46679	vPCs	1555.966667
228	NB6_FDME210455357-1r	122.0301193	29.82061002	46479	vPCs	1549.3
229	NB7_FDME210455358-1r	122.0301193	29.82061002	43771	vPCs	1459.033333
230	NB11_FDME210455362-1b	122.0301193	29.82061002	49706	vPCs	1656.866667
231	NB12_FDME210455363-1r	122.0301193	29.82061002	49203	vPCs	1640.1
232	NB15_FDME210455366-1r	122.0301193	29.82061002	48673	vPCs	1622.433333
233	SY1_FDME210455397-2a	109.6807945	18.27040352	7184	vPCs	239.4666667
234	SY3_FDME210455399-2a	109.6807945	18.27040352	11912	vPCs	397.0666667
235	SY7_FDME210455403-2a	109.6807945	18.27040352	11125	vPCs	370.8333333
236	SY9_FDME210455405-2a	109.6807945	18.27040352	13961	vPCs	465.3666667
237	SY11_FDME210455407-1r	109.6807945	18.27040352	13078	vPCs	435.9333333
238	SY12_FDME210455408-1r	109.6807945	18.27040352	14893	vPCs	496.4333333
239	SY13_FDME210455409-2a	109.6807945	18.27040352	13922	vPCs	464.0666667
240	SY15_FDME210455411-2a	109.6807945	18.27040352	13617	vPCs	453.9
241	ST1_FDME220007465-1r	116.7255591	23.32790454	16301	vPCs	543.3666667
242	ST3_L1	116.7255591	23.32790454	9721	vPCs	324.0333333
243	ST7_FDME220007471-1r	116.7255591	23.32790454	10446	vPCs	348.2
244	ST9_L1	116.7255591	23.32790454	7924	vPCs	264.1333333
245	ST10_L1	116.7255591	23.32790454	10251	vPCs	341.7
246	ST12_L1	116.7255591	23.32790454	8800	vPCs	293.3333333
247	ST13_L1	116.7255591	23.32790454	8163	vPCs	272.1
248	ST15_L1	116.7255591	23.32790454	8084	vPCs	269.4666667
249	WZ1_L1	121.0197392	27.85493975	55863	vPCs	1862.1
250	WZ3_L1	121.0197392	27.85493975	55004	vPCs	1833.466667
251	WZ5_L1	121.0197392	27.85493975	56257	vPCs	1875.233333
252	WZ7_FDME210455463-1r	121.0197392	27.85493975	53599	vPCs	1786.633333
253	WZ10_L1	121.0197392	27.85493975	59911	vPCs	1997.033333
254	WZ11_L1	121.0197392	27.85493975	67296	vPCs	2243.2
255	WZ14_L1	121.0197392	27.85493975	54122	vPCs	1804.066667
256	WZ15_FDME210455471-1r	121.0197392	27.85493975	53632	vPCs	1787.733333
257	XM2_FDME220007436-1r	118.066957	24.55815055	17537	vPCs	584.5666667
258	XM4_FDME220007438-1r	118.066957	24.55815055	14902	vPCs	496.7333333
259	XM6_FDME220007440-1r	118.066957	24.55815055	12961	vPCs	432.0333333
260	XM8_FDME220007442-1r	118.066957	24.55815055	16068	vPCs	535.6
261	XM10_FDME220007444-1r	118.066957	24.55815055	18405	vPCs	613.5
262	XM12_FDME220007446-1r	118.066957	24.55815055	20553	vPCs	685.1
263	XM14_FDME220007448-1r	118.066957	24.55815055	16841	vPCs	561.3666667
264	XM15_FDME220007449-1r	118.066957	24.55815055	17674	vPCs	589.1333333
265	YC1_FDME220007405-1r	120.9748363	32.82356196	30434	vPCs	1014.466667
266	YC3_FDME220007407-1r	120.9748363	32.82356196	30282	vPCs	1009.4
267	YC5_FDME220007409-1r	120.9748363	32.82356196	28815	vPCs	960.5
268	YC7_FDME220007411-1a	120.9748363	32.82356196	29334	vPCs	977.8
269	YC9_FDME220007413-1r	120.9748363	32.82356196	29950	vPCs	998.3333333
270	YC11_FDME220007415-1r	120.9748363	32.82356196	31957	vPCs	1065.233333
271	YC13_FDME220007417-1r	120.9748363	32.82356196	31874	vPCs	1062.466667
272	YC15_FDME220007419-1r	120.9748363	32.82356196	31350	vPCs	1045
273	ZH1_FDSW220008784-1r	113.6442374	22.43845252	11634	vPCs	387.8
274	ZH3_FDSW220008786-1r	113.6442374	22.43845252	14471	vPCs	482.3666667
275	ZH5_FDSW220008788-1r	113.6442374	22.43845252	13179	vPCs	439.3
276	ZH7_FDSW220008790-1r	113.6442374	22.43845252	13446	vPCs	448.2
277	ZH9_FDSW220008792-2r	113.6442374	22.43845252	14131	vPCs	471.0333333
278	ZH11_FDSW220008794-2r	113.6442374	22.43845252	13964	vPCs	465.4666667
279	ZH13_FDSW220008796-2r	113.6442374	22.43845252	14251	vPCs	475.0333333
280	ZH15_FDSW220008798-2r	113.6442374	22.43845252	13799	vPCs	459.9666667
281	CXD_1412_FDSW210423229-1r	120.7538438	36.45812023	25262	vPCs	842.0666667
282	CXD_1414_FDSW210423231-1r	120.7538438	36.45812023	27744	vPCs	924.8
283	CXD_1604_FDSW210423236-1r	120.7538438	36.45812023	23299	vPCs	776.6333333
284	CXD_1609_FDSW210423241-1r	120.7538438	36.45812023	22622	vPCs	754.0666667
285	CXD_1610_FDSW210423242-1r	120.7538438	36.45812023	24996	vPCs	833.2
286	CXD_1611_FDSW210423243-1r	120.7538438	36.45812023	25547	vPCs	851.5666667
287	CXD_1612_FDSW210423244-1r	120.7538438	36.45812023	24841	vPCs	828.0333333
288	CXD_1613_FDSW210423245-1r	120.7538438	36.45812023	24553	vPCs	818.4333333
