	NH4...N..g.kg.	NO3...N..g.kg.	NO2...N..g.kg.	TN..g.kg.	TP..g.kg.	pH	SO42...g.kg.	Temperature..oC.	Salinity	Moisture....	TOC..g.kg.
Candidatus Falkowbacteria	1	1	1	1	1	1	1	1	1	1	1
Chlamydiae	1	1	1	1	1	1	1	1	1	1	1
Fibrobacteres	1	1	1	1	1	1	1	1	1	1	1
Candidatus Latescibacteria	0.56933273	0.001164243	2.03E-06	0.596696903	0.447950358	0.583635465	0.285085245	1.64E-05	0.571273964	0.003035934	0.330464258
Candidatus Parcubacteria	0.868427647	0.253042282	0.197014333	0.182115852	0.216191439	0.823632205	0.054384491	0.588726655	0.94925891	0.511407857	0.879499632
Calditrichaeota	0.37885019	0.489446214	0.044284632	0.945085903	0.00764207	0.551932072	0.984080604	0.568932316	0.697292642	0.608448386	0.002456498
Tenericutes	0.797683414	0.355629413	0.055115176	0.127993934	0.187372486	0.934229779	0.003105321	0.678546968	0.708401817	0.19955227	0.767739881
Candidatus Kariarchaeota	0.033288484	0.52818933	0.407611539	0.000611164	0.001298952	0.358221544	0.037634961	0.000400842	0.020480047	0.176081777	0.038971603
Candidatus Bathyarchaeota	1	1	1	1	1	1	1	1	1	1	1
Spirochaetes	1	1	1	1	1	1	1	1	1	1	1
candidate division WWE3	0.658399784	0.614528182	0.191851152	0.01245	0.490846378	0.811244431	0.001574879	0.624722713	0.003427315	0.047495559	0.05593903
Candidatus Rokubacteria	0.692510122	0.801535692	0.886731674	0.491720096	0.432216063	0.122638847	0.462627644	0.135244145	0.894543673	0.94831601	0.333187461
candidate division Zixibacteria	0.323027958	0.053497716	0.454834674	0.002752149	0.011165633	0.375403301	0.75512875	0.311270286	0.242902958	0.597119562	0.611209839
Candidatus Schekmanbacteria	0.722502753	0.172271284	0.750629551	0.920891155	0.474309706	0.966225376	0.695490481	0.76915394	0.470040368	0.784855083	0.987405229
Candidatus Dadabacteria	0.163299518	0.727461968	0.195434037	0.001773884	0.023230007	0.130897364	0.001119632	0.314701895	0.015996466	0.024608906	0.008690684
Candidatus Krumholzibacteriota	0.89364931	0.856898723	0.888556309	0.93786045	0.450644938	0.425606706	0.315054147	0.748063411	0.465225908	0.20887103	0.608016521
Candidatus Hydrogenedentes	0.169817498	0.380048233	0.859038552	0.95091004	0.102751457	0.00011533	0.266949597	0.100417346	0.7370864	0.292705363	0.620019834
Nitrospinae	0.007200483	0.499641732	0.063507559	0.000348051	0.002215648	0.162510564	0.456297093	0.137131565	0.061278133	0.658703114	0.00588108
Euryarchaeota	0.433253606	0.143647369	0.203023159	0.102119037	0.817933337	6.94E-08	0.373601749	0.000191163	0.053154519	0.395853905	0.893123111
Ignavibacteriae	0.808002942	0.752693886	0.416280713	0.186999168	0.017148781	0.684143678	0.020181036	0.505906167	0.297904078	0.208337459	0.353771187
Deinococcus Thermus	0.78963602	0.05502035	0.797015976	0.006398382	0.019222334	0.042835099	0.094497583	0.581519921	0.001686583	0.00233493	0.923677061
Thaumarchaeota	0.085508062	0.110413982	0.435948242	0.095842057	0.249296313	0.199119249	0.154344261	0.880755131	0.054891116	0.042241739	0.090633215
Rhodothermaeota	0.056292002	0.40428814	0.758202983	0.85356547	0.32045166	0.000378595	0.54902455	0.354345711	0.550360328	0.134296226	0.612415877
Thermoplasmatota	0.791149625	0.697029278	0.499769986	0.270494237	0.264661889	0.393986306	0.294722497	0.059383891	0.242488983	0.37724856	0.251164885
Lentisphaerae	0.299358442	0.800787643	0.467700145	0.071613457	0.367603703	0.417710343	0.127524318	0.005088674	0.183708398	0.31420745	0.067452524
Kiritimatiellaeota	0.289509226	0.236068995	0.494446462	0.628290546	0.847247226	0.157404611	0.86620515	0.014019563	0.952773295	0.763328136	0.168581296
Candidatus Aminicenantes	0.88002134	0.105619047	0.024867807	0.106228991	0.147320817	0.000800153	0.504716237	0.434567988	0.063379341	0.257766607	0.105431101
Candidatus Eisenbacteria	0.105691997	0.806749273	0.196689426	0.213617923	0.053591397	0.516771557	0.092788861	6.32E-08	0.298097362	0.557171723	0.050916708
Unclassified Bacteria	0.139733344	0.987839701	0.213530691	0.106076453	0.223717528	0.074030786	0.102211727	0.143795448	0.188992967	0.182752031	0.048140677
Verrucomicrobia	0.732936838	0.700054065	0.697082469	0.201900976	0.201300584	0.202670138	0.562787387	0.995588003	0.393613024	0.350344788	0.64778283
Other Proteobacteria	0.901837325	0.371777981	0.591203648	0.362796003	0.878075882	0.06999155	0.788260197	0.397913586	0.508668641	0.88653852	0.981846432
Nitrospirae	0.203181735	0.651770628	0.225177887	0.034497337	0.036301757	0.043538807	0.596796431	0.75754752	0.666372857	0.513020257	0.406994716
Thermodesulfobacteria	0.371505926	0.090754202	0.08475293	0.000665191	0.018476291	0.545335595	0.842614815	0.028220944	0.08375603	0.490641957	0.180415819
Gemmatimonadetes	0.383660412	0.534678983	0.598120639	0.214112635	0.64177565	0.515192619	0.09263647	0.351718952	0.183026665	0.051248755	0.379300576
Betaproteobacteria	0.228457083	0.632315374	0.890446394	0.224373808	0.682175269	0.366341993	0.14851122	0.79340037	0.300875005	0.181482597	0.07211099
Firmicutes	0.957660838	0.13184425	0.119089183	0.066951976	0.198652434	0.02882776	0.15872905	0.438198356	0.930373032	0.02902489	0.594319733
Planctomycetes	0.741146995	0.956956855	0.959974478	0.375011926	0.513417619	0.104735152	0.465885061	0.061808454	0.560668489	0.621688863	0.635890074
Cyanobacteria	0.592874142	0.497301462	0.270265818	0.600154525	0.640687295	0.000277569	2.11E-05	0.137622453	0.012470384	0.000147795	0.448703483
Actinobacteria	0.143811238	0.595072443	0.63997196	0.332913304	0.631268949	0.272615919	0.9682066	0.832860454	0.209198206	0.041102099	0.899778127
Bacteroidetes	0.0159194	0.215479165	0.329030891	0.12173132	0.094170086	0.079452579	0.072200571	0.015151899	0.548470961	0.688287073	0.018938651
Acidobacteria	0.381173498	0.089078625	0.661063628	0.112866183	0.40435316	0.09342643	0.203592748	0.807503321	0.252622719	0.18484726	0.333825106
Alphaproteobacteria	0.510612416	0.774192035	0.63603971	0.245352489	0.79390397	0.135287924	0.910446307	0.028996199	0.863009512	0.95240316	0.95484425
Chloroflexi	0.186468405	0.087137091	0.807495821	0.385551453	0.860502212	0.644743106	0.774046863	0.499710528	0.372107104	0.067653471	0.926115412
Deltaproteobacteria	1.06E-06	0.204176164	0.027139448	0.551376952	8.03E-05	0.016778124	3.51E-08	0.171816056	3.55E-08	5.84E-05	0.008358149
Gammaproteobacteria	0.001717662	0.616222738	0.9480008	0.003877144	0.452875909	0.008694126	0.487227425	0.0700138	0.519126299	0.004099395	0.632357587
