	NH4+ -N (g/kg)	NO3- -N (g/kg)	NO2- -N (g/kg)	TN (g/kg)	TP (g/kg)	pH	SO42- (g/kg)	Temperature (oC)	Salinity	Moisture (%)	TOC..g.kg.
Acidobacteria	0.098786841	0.43088509	0.004538359	0.373731831	0.054280489	0.100843058	0.000129816	0.063239683	2.66E-05	0.614665325	0.200648211
Actinobacteria	0.937783049	0.530724721	0.004438639	0.028197936	0.429197778	0.065649545	0.084037814	0.95490963	0.894305986	0.801943263	0.706193153
Alphaproteobacteria	0.598580032	0.056940986	0.669451775	0.105300748	0.594339119	0.286427486	0.013705389	0.082854023	0.000142691	0.108389698	0.237486985
Bacteroidetes	0.000105762	0.104670714	0.365133223	0.00804814	0.008366695	0.150459062	0.205785827	3.47E-06	0.433370128	0.817045712	0.090151564
Betaproteobacteria	0.962640594	0.03859843	3.61E-06	0.442810592	0.000125967	0.015177495	1.80E-06	0.039099891	0.000722322	0.030144591	0.012669595
Calditrichaeota	0.04863662	0.694347861	0.987635874	0.56994673	0.011406789	0.521878446	0.636185544	0.094602848	0.742060772	0.285997977	0.001170422
candidate division WWE3	0.989681557	0.285851568	0.012390833	0.031337962	0.707486466	0.758384902	1.60E-08	0.062311948	0.000652864	0.0031921	0.060793485
candidate division Zixibacteria	0.091651754	0.062601215	0.353964339	1.68E-05	0.000618859	0.704489526	0.007452437	0.085692487	0.000280459	0.00924458	0.549481321
Candidatus Aminicenantes	0.310472703	0.160331208	0.001860415	0.045084394	0.006652797	0.001830679	0.469313145	0.801523598	0.036889513	0.162888576	0.028223388
Candidatus Bathyarchaeota	1	1	1	1	1	1	1	1	1	1	1
Candidatus Dadabacteria	0.227342299	0.559336759	0.686309916	0.000303772	0.00168679	0.28561228	0.000695484	0.949275466	0.00086024	0.02253189	0.002435744
Candidatus Eisenbacteria	0.0218038	0.268899869	0.000782466	0.414477084	6.19E-06	0.21919642	0.910229043	0.000339406	0.93540485	0.288344377	0.000105542
Candidatus Falkowbacteria	1	1	1	1	1	1	1	1	1	1	1
Candidatus Hydrogenedentes	0.228164528	0.016045435	0.000901003	0.551134429	1.89E-05	0.000112638	0.00552666	0.002692557	0.00316063	0.473667252	0.033269379
Candidatus Kariarchaeota	0.021904152	0.390839366	0.054309603	4.92E-05	6.36E-06	0.826668544	0.015716176	0.006333746	9.00E-05	0.039427523	0.078333268
Candidatus Krumholzibacteriota	0.071027445	0.008360425	0.98253562	0.056480315	0.129322903	0.209512666	0.421723048	0.841033597	0.664419127	0.044592996	0.012605384
Candidatus Latescibacteria	0.022087165	0.005767046	8.44E-06	0.967386607	0.055128096	0.187733482	0.005365982	0.904016004	0.624613406	0.000202409	0.020264622
Candidatus Parcubacteria	0.550513017	0.130307454	0.000120211	0.064408038	0.125715498	0.733475253	0.001297522	0.317003373	0.882479863	0.118491118	0.632091471
Candidatus Rokubacteria	0.897368935	0.526202987	0.227546829	0.3514673	0.125371075	0.192659821	0.505475831	0.039101845	0.66271918	0.900845793	0.299838154
Candidatus Schekmanbacteria	0.885571652	0.034499133	0.12548647	0.310590414	0.198592542	0.061052763	0.000923127	0.157376879	0.0004331	0.236427534	0.380433862
Chlamydiae	1	1	1	1	1	1	1	1	1	1	1
Chloroflexi	0.888725932	0.004167989	0.181636999	0.289046465	0.279550692	0.626478243	0.761779004	0.031836721	0.486021093	0.365012445	0.296560653
Cyanobacteria	0.001895331	0.301957761	0.26175402	0.375162848	0.500544047	0.021101748	7.22E-05	0.295040667	0.084258548	0.004745255	0.103737203
Deinococcus Thermus	0.482462806	0.089835192	0.684068566	0.000965524	0.000264699	0.042187337	0.000140749	0.694401073	6.02E-08	1.64E-07	0.786545345
Deltaproteobacteria	0.000430646	0.113318387	2.29E-08	0.078223327	1.54E-05	0.001604781	1.86E-09	0.024931526	7.40E-06	4.85E-05	0.011910923
Euryarchaeota	0.73549328	0.088530141	0.205760465	0.031165327	0.237121722	5.24E-06	0.288034644	1.71E-05	0.034839165	0.265280023	0.731535242
Fibrobacteres	1	1	1	1	1	1	1	1	1	1	1
Firmicutes	0.777535997	0.996272401	0.02194602	0.002737788	0.011378003	0.002788344	0.366811187	0.546955273	0.260787709	0.036023201	0.743842337
Gammaproteobacteria	0.000711534	0.908165954	0.012002919	6.28E-05	0.016906853	0.005209036	0.377139418	0.001338203	0.82372184	0.03733714	0.317056251
Gemmatimonadetes	0.114245131	0.216322925	0.202915462	0.881635569	0.392766595	0.478502282	0.397497963	0.037523507	0.8312901	0.131527463	0.066202209
Ignavibacteriae	0.040582323	0.37545576	0.136873474	0.003398172	0.604708393	0.495140797	0.002160427	0.062650653	0.365118241	0.383347941	0.672144475
Kiritimatiellaeota	0.637390711	0.061483774	0.619828603	0.793943876	0.351288769	0.805920887	0.011229286	0.57295704	0.094938164	0.351346365	0.271771971
Lentisphaerae	0.419464754	0.162792397	0.036518863	0.000121607	4.41E-05	0.63217815	0.010661224	0.151078327	4.07E-05	0.043718192	0.055687146
Nitrospinae	0.005841328	0.670765176	0.014866796	8.14E-06	0.000125795	0.049540965	0.180618633	0.26154445	0.000991565	0.713045203	0.002957231
Nitrospirae	0.001149014	0.161373494	0.012277852	0.141141324	0.000121509	0.525314345	0.000210219	0.045001467	0.000313666	0.007358413	0.060317633
Other Proteobacteria	0.119050229	0.771631272	0.017378524	0.924358177	0.83093287	0.02968145	1.95E-05	0.021888035	0.001457221	0.000366631	0.130524031
Planctomycetes	5.49E-05	0.881939337	0.378221248	0.17547734	0.556311591	0.001759708	0.188146149	0.64061207	0.024572503	0.179472724	0.551510054
Rhodothermaeota	0.021902381	0.474696026	0.064950499	0.667439228	0.056842357	5.96E-05	0.422383273	0.103307956	0.846420244	0.187195524	0.538617006
Spirochaetes	1	1	1	1	1	1	1	1	1	1	1
Tenericutes	0.964869934	0.281802489	0.000226039	0.034450237	0.046047865	0.688722456	0.011649153	0.446621635	0.493016849	0.320007614	0.76403252
Thaumarchaeota	6.83E-05	0.797622004	0.108016103	2.98E-07	0.002427477	0.015155961	0.05214412	0.059935228	0.147115023	0.439335891	0.026736536
Thermodesulfobacteria	0.708421031	0.017546391	0.469507585	4.20E-05	0.041855525	0.913781004	0.000354673	0.184654781	3.78E-07	0.001553742	0.550557247
Thermoplasmatota	0.934601269	0.073279886	0.73124614	0.968411752	0.057285702	0.195799145	0.327333726	0.906500634	0.857135988	0.429972389	0.710414142
Unclassified Bacteria	0.182707137	0.196520459	0.019573627	0.006055052	0.058538878	0.085156841	0.478538156	0.006214037	0.185814965	0.231335632	0.039786798
Verrucomicrobia	0.009826589	0.967921826	0.066603531	0.039355873	0.237771469	0.03608824	0.097471136	0.340937945	0.319846338	0.255583465	0.11634167
