Candidatus.Falkowbacteria Chlamydiae Fibrobacteres Candidatus.Latescibacteria Candidatus.Parcubacteria Calditrichaeota Tenericutes Candidatus.Kariarchaeota Candidatus.Bathyarchaeota Spirochaetes candidate.division.WWE3 Candidatus.Rokubacteria candidate.division.Zixibacteria Candidatus.Schekmanbacteria Candidatus.Dadabacteria Candidatus.Krumholzibacteriota Candidatus.Hydrogenedentes Nitrospinae Euryarchaeota Ignavibacteriae Deinococcus.Thermus Thaumarchaeota Rhodothermaeota Thermoplasmatota Lentisphaerae Kiritimatiellaeota Candidatus.Aminicenantes Candidatus.Eisenbacteria Unclassified.Bacteria Verrucomicrobia Other.Proteobacteria Nitrospirae Thermodesulfobacteria Gemmatimonadetes Proteobacteria.Betaproteobacteria Firmicutes Planctomycetes Cyanobacteria Actinobacteria Bacteroidetes Acidobacteria Proteobacteria.Alphaproteobacteria Chloroflexi Proteobacteria.Deltaproteobacteria Proteobacteria.Gammaproteobacteria TOC..g.kg.
Candidatus.Falkowbacteria 1 NA NA NA NA NA NA NA NA NA NA NA NA NA NA NA NA NA NA NA NA NA NA NA NA NA NA NA NA NA NA NA NA NA NA NA NA NA NA NA NA NA NA NA NA NA
Chlamydiae NA 1 NA NA NA NA NA NA NA NA NA NA NA NA NA NA NA NA NA NA NA NA NA NA NA NA NA NA NA NA NA NA NA NA NA NA NA NA NA NA NA NA NA NA NA NA
Fibrobacteres NA NA 1 NA NA NA NA NA NA NA NA NA NA NA NA NA NA NA NA NA NA NA NA NA NA NA NA NA NA NA NA NA NA NA NA NA NA NA NA NA NA NA NA NA NA NA
Candidatus.Latescibacteria NA NA NA 1 -0.103459064008162 0.201212504530012 -0.124435665914221 0.0586118507482511 NA NA 0.398204056565234 -0.0447998534549413 0.350277288783139 0.157133499345242 -0.186600853686567 0.438805217351849 0.0399965976823144 -0.234879802950129 -0.103459064008162 0.10134851612542 0.269141329672637 0.241605142549086 -0.103459064008162 -0.0586624771130123 0.0729494595658961 0.373592482256063 0.513439472372433 -0.290355506443707 0.17801355156245 -0.218191089366308 0.275335645127119 0.14345905268362 0.142285384922143 0.253329472304927 0.519592545432928 -0.314439101692896 -0.326350296063597 -0.194805364509325 -0.0378300653207566 0.0761879920180819 -0.137040462562606 -0.169443501878552 -0.0790472411411623 0.0666864872398453 -0.143534305978638 0.291914347719328
Candidatus.Parcubacteria NA NA NA -0.103459064008162 1 0.327994527586277 0.857419925480797 0.444780085568817 NA NA -0.215015790780628 -0.0372477687333319 0.536574478340786 0.0295788616292262 -0.155144825430069 0.382181362345941 0.266033731041439 0.409726959359969 -0.0860185690879301 0.425817331417592 0.463540142409801 0.139428075329611 -0.0860185690879301 -0.161966270102954 0.398247908580567 0.0704396608218432 -0.155144825430069 -0.241409154727308 0.372424757786167 0.0698568465666885 -0.110794207345109 -0.179696862719392 0.485389448990294 0.00532504992311861 -0.0394827501915803 0.270506957720869 0.0118789575208031 0.518017835723987 -0.371678244153058 0.0279565120963727 0.0599652107559009 0.281459609878683 0.325800890969267 -0.277977846467413 -0.38688535787581 0.0614955621370665
Calditrichaeota NA NA NA 0.201212504530012 0.327994527586277 1 0.20943593077232 0.00855975677148193 NA NA 0.153097150674472 -0.113205692056615 0.0919357139692248 0.0872260913482494 -0.315918602887104 0.35115573553905 0.267017653855074 -0.269942923598541 -0.0186461126512442 0.260403460721053 0.117550972977063 0.254058426127367 -0.261432885095337 -0.189263129767292 0.0511730591790994 0.0705197220654732 0.151187580488165 -0.287443446859751 0.271160509800924 -0.162451760254232 0.0279045688657488 0.276993163151894 0.151487228598428 -0.124960827229751 0.345709630414732 0.145964125560538 -0.052650576852718 0.0717810805924759 -0.122574692712288 -0.223881664725449 0.184947621570419 -0.0885982120831943 -0.10063262964953 0.0471520929646509 -0.0525987043632079 0.399764935497011
Tenericutes NA NA NA -0.124435665914221 0.857419925480797 0.20943593077232 1 0.556162543098239 NA NA -0.258610817373618 -0.0447998534549413 0.573890683779133 0.0256335960198487 0.0270803959998646 0.250838983300473 0.162153694051945 0.488134556471185 -0.103459064008162 0.310649137225689 0.536348378741878 0.249615431867023 -0.103459064008162 -0.194805364509325 0.468580829743666 0.120846483412218 -0.186600853686567 -0.0809835085999454 0.361091626428649 -0.00941578808719297 -0.04365562758883 -0.205281185884296 0.532372697031551 -0.0337391396523492 -0.0949759667616271 0.375805825847927 -0.038885788073894 0.408281417015463 -0.384327070590058 0.115733606812687 0.103077304585613 0.384986897310769 0.263358838459732 -0.311570177519673 -0.414723088190806 -0.038578794899013
Candidatus.Kariarchaeota NA NA NA 0.0586118507482511 0.444780085568817 0.00855975677148193 0.556162543098239 1 NA NA 0.158964946417559 -0.0817056494017238 0.818090331010293 0.0724475045214812 0.476384820738824 0.000844913751798011 0.0184349577802345 0.753927719997405 -0.18868789425357 -0.0941900286026233 0.730517994672146 0.570150767486349 -0.18868789425357 -0.256248164916209 0.80309560240106 0.188269220129001 -0.0979251259955072 0.235354789821754 0.526804103747466 -0.285174107961788 0.0453818349712588 -0.144442363328878 0.726339882356983 0.0952618205977645 0.0250708067094056 0.212428889131068 -0.0710547368032969 0.0428597316763327 -0.226198793991527 0.536368680852508 0.0181205414819161 0.557088052940324 0.212513959074752 -0.242809759916424 -0.540270188863338 -0.223455367593061
Candidatus.Bathyarchaeota NA NA NA NA NA NA NA NA 1 NA NA NA NA NA NA NA NA NA NA NA NA NA NA NA NA NA NA NA NA NA NA NA NA NA NA NA NA NA NA NA NA NA NA NA NA NA
Spirochaetes NA NA NA NA NA NA NA NA NA 1 NA NA NA NA NA NA NA NA NA NA NA NA NA NA NA NA NA NA NA NA NA NA NA NA NA NA NA NA NA NA NA NA NA NA NA NA
candidate.division.WWE3 NA NA NA 0.398204056565234 -0.215015790780628 0.153097150674472 -0.258610817373618 0.158964946417559 NA NA 1 -0.0931061575881886 0.253316355567714 0.306992088072595 0.0191169681155509 0.216367734387256 0.0566412610557158 -0.0613800830523646 0.313130656801436 -0.290059347181009 0.190889644451762 0.261561731251236 -0.215015790780628 0.198005084681532 0.184317766999788 0.392047654487111 0.215792336088338 0.108986664353535 0.385362882913278 -0.136311876921673 0.269330830205305 0.46105405312479 0.364146623964735 0.309257415168816 0.52026884471815 0.0375827647963649 0.234468037573335 -0.404857997700197 0.275201537870874 0.329373754455101 0.227177740412715 0.17562148488939 0.0178348180947558 0.407001121825411 0.0313848280981039 0.237589964232352
Candidatus.Rokubacteria NA NA NA -0.0447998534549413 -0.0372477687333319 -0.113205692056615 -0.0447998534549413 -0.0817056494017238 NA NA -0.0931061575881886 1 -0.095954732228917 -0.16223026033094 0.2687233065635 0.0517603291450433 0.05474385377136 -0.0845624176507795 -0.0372477687333319 0.0971542513963707 -0.127961269982665 -0.124974476773598 -0.0372477687333319 0.271187310407546 -0.101667157003954 -0.127961269982665 0.249528784666107 -0.104535014482747 -0.16223026033094 -0.0139715054523947 -0.172051900509333 0.104866903495242 0.108644184401218 -0.181585971761253 -0.153871417220358 -0.113205692056615 -0.153649668413368 0.196377017881326 0.125713365065483 -0.202538199272167 0.202562509787933 0.0419044550218277 0.0279363033478851 0.209522275109138 0.11174521339154 -0.132700625959542
candidate.division.Zixibacteria NA NA NA 0.350277288783139 0.536574478340786 0.0919357139692248 0.573890683779133 0.818090331010293 NA NA 0.253316355567714 -0.095954732228917 1 0.202985624081907 0.326036065734121 0.207557480630816 -0.0345252220152014 0.64528426992791 -0.221594179845752 0.110539204454221 0.813110709550622 0.555193269279399 -0.221594179845752 -0.218814249575664 0.789095181245833 0.286496229768066 0.0135187527835088 0.0333921871336793 0.6096229448432 -0.273050930421298 0.208283956675572 -0.0704745979402444 0.808159568487366 0.178894188016031 0.189609804784174 0.145030370486335 -0.139158243949797 0.0576562853682639 -0.30063017156611 0.450175819981354 -0.032210315541312 0.468587356996829 0.119702470506579 -0.203845942657898 -0.565206706469081 -0.0768356613531471
Candidatus.Schekmanbacteria NA NA NA 0.157133499345242 0.0295788616292262 0.0872260913482494 0.0256335960198487 0.0724475045214812 NA NA 0.306992088072595 -0.16223026033094 0.202985624081907 1 -0.00872717667820064 0.190683439299549 0.368931609263613 0.191066062196251 -0.0173749956423427 0.0741277005341423 0.163615082879734 -0.103030046034648 0.234459018578517 0.275649788439505 0.123556259959385 0.46625349816449 0.0639548825272719 -0.264157243335631 0.123580101840971 -0.015711345831683 0.225065243946668 0.41812683852023 0.325695184721717 0.272991825707129 0.533808734671722 -0.0037195510424779 0.0685024773085018 -0.0523192580907196 0.147622111397302 0.023949202965605 0.278697453198915 0.276530877967229 0.192854108091451 0.340185338481074 0.0502739341605919 0.112403967284376
Candidatus.Dadabacteria NA NA NA -0.186600853686567 -0.155144825430069 -0.315918602887104 0.0270803959998646 0.476384820738824 NA NA 0.0191169681155509 0.2687233065635 0.326036065734121 -0.00872717667820064 1 -0.330163431983989 -0.219377569032892 0.502532956510509 -0.155144825430069 -0.324911990091903 0.366857162643813 0.300023391147478 -0.155144825430069 -0.0670807002600552 0.482778380875078 -0.118613926363093 0.0728788977519942 0.390505405174688 0.14489778072585 -0.286616685176341 -0.119057370431885 -0.0333784979019662 0.486217444882724 -0.239977256872271 -0.208483030352353 0.132654449452369 -0.189580713647858 -0.0317518258637128 -0.102376223932316 0.260426116034009 -0.00884024524380816 0.347168857316867 -0.0612806134234029 0.0075858671083868 -0.27902798146501 -0.375344520663794
Candidatus.Krumholzibacteriota NA NA NA 0.438805217351849 0.382181362345941 0.35115573553905 0.250838983300473 0.000844913751798011 NA NA 0.216367734387256 0.0517603291450433 0.207557480630816 0.190683439299549 -0.330163431983989 1 0.197591006198178 -0.269618902431303 0.128206939283426 0.606625017595203 0.288729009669358 -0.121356018304432 -0.281757110750784 -0.0377331485910942 0.00210566452457736 0.357489214736435 0.370635078485252 -0.227885209420659 0.320517560351557 -0.113514688407315 0.139241976883701 0.41358154389278 0.267275385657744 -0.114783422723609 0.390526582209099 -0.144493390710547 0.0732865599147414 0.0802467366565335 -0.0752432399124651 -0.22484031973843 -0.0844014836216577 -0.0617243599281924 0.0423862628078324 0.111352879870457 0.0988504570278586 0.31264430938431
Candidatus.Hydrogenedentes NA NA NA 0.0399965976823144 0.266033731041439 0.267017653855074 0.162153694051945 0.0184349577802345 NA NA 0.0566412610557158 0.05474385377136 -0.0345252220152014 0.368931609263613 -0.219377569032892 0.197591006198178 1 0.0895538563051554 -0.0341142392175983 -0.121476499920922 0.0507053460433012 -0.232542691424977 0.52272188058293 0.363131600175712 -0.0911881545684363 0.338082537575063 0.098313651307333 -0.540803118398961 -0.17577995155909 0.271729577453824 -0.0686683364309247 0.212051860456616 0.133006887681937 0.198883675564757 0.474026281621208 -0.0276485541081173 0.152979173150621 0.149592514312797 0.230221292552393 -0.0619764534935581 0.553769363806239 0.147872700399634 0.47318189080988 0.48484614962003 0.0185983112825422 0.26863379057529
Nitrospinae NA NA NA -0.234879802950129 0.409726959359969 -0.269942923598541 0.488134556471185 0.753927719997405 NA NA -0.0613800830523646 -0.0845624176507795 0.64528426992791 0.191066062196251 0.502532956510509 -0.269618902431303 0.0895538563051554 1 -0.195285205323635 -0.129194631452151 0.51909101461596 0.330916115987208 0.294043723444444 0.0166927232612067 0.68226240962714 0.168070966809599 -0.352220333472878 0.264365717587532 0.316799857964106 -0.00127898196581892 0.0381623492923942 -0.244473485535152 0.581451539369475 0.195637267908827 -0.0282296531860377 0.190429721812652 0.0732332018910046 0.0138133257755906 -0.00517282140341223 0.549539622126547 0.127475943253952 0.68025507534311 0.302406626538807 -0.173667307341525 -0.485199023322307 -0.368557840656399
Euryarchaeota NA NA NA -0.103459064008162 -0.0860185690879301 -0.0186461126512442 -0.103459064008162 -0.18868789425357 NA NA 0.313130656801436 -0.0372477687333319 -0.221594179845752 -0.0173749956423427 -0.155144825430069 0.128206939283426 -0.0341142392175983 -0.195285205323635 1 -0.115209289138771 -0.295508851050541 -0.0726513511961017 -0.0860185690879301 0.144141410747708 -0.153600078762934 0.142380318982356 0.0192787674230562 0.300902815904079 0.189521901872577 -0.036311220099547 -0.205885704076714 0.390709978468318 -0.0136733161705504 -0.0111621238773063 -0.0298940822879108 0.189780909180319 0.241009711424224 -0.161966270102954 0.200508610566658 0.185967128084296 0.290250055136163 0.323855199651204 0.272140772513225 0.298766022128818 0.238910412896841 0.0440863272273225
Ignavibacteriae NA NA NA 0.10134851612542 0.425817331417592 0.260403460721053 0.310649137225689 -0.0941900286026233 NA NA -0.290059347181009 0.0971542513963707 0.110539204454221 0.0741277005341423 -0.324911990091903 0.606625017595203 -0.121476499920922 -0.129194631452151 -0.115209289138771 1 0.137100886862844 -0.270289241710633 -0.215015790780628 -0.194540461374781 0.0492261784752646 0.00291301151307435 -0.0387692113383372 -0.0605704261132651 0.195941037082856 0.0413277127865831 0.118452969262414 0.216629118352339 0.0441765833034873 -0.186110917684589 0.105519393474059 -0.255021608802214 0.142956779049697 0.14057802202178 -0.0916225522402979 -0.361621108857319 -0.295381150720354 -0.0270721965775311 -0.138894558391609 -0.179210707251673 0.209176540462363 0.0543682855264102
Deinococcus.Thermus NA NA NA 0.269141329672637 0.463540142409801 0.117550972977063 0.536348378741878 0.730517994672146 NA NA 0.190889644451762 -0.127961269982665 0.813110709550622 0.163615082879734 0.366857162643813 0.288729009669358 0.0507053460433012 0.51909101461596 -0.295508851050541 0.137100886862844 1 0.415273000289799 -0.295508851050541 -0.291289951727013 0.613838581539743 0.157813733228098 0.085705899631207 0.0323600263648031 0.427931988136818 -0.234683310095433 0.0984152702271561 -0.0725192769093131 0.754167626146976 -0.068098865185924 0.136947922328482 0.142424313528459 -0.0850356309185117 0.0770829083923287 -0.32971409966956 0.213267553074884 -0.0461418906587254 0.333935726736437 -0.00821709554088455 -0.0699583913939529 -0.338056838873149 0.034804129931796
Thaumarchaeota NA NA NA 0.241605142549086 0.139428075329611 0.254058426127367 0.249615431867023 0.570150767486349 NA NA 0.261561731251236 -0.124974476773598 0.555193269279399 -0.103030046034648 0.300023391147478 -0.121356018304432 -0.232542691424977 0.330916115987208 -0.0726513511961017 -0.270289241710633 0.415273000289799 1 -0.288611265322793 -0.287970201000393 0.493771306098729 0.0637192775603902 0.0149282640816264 0.302485879967788 0.573018517544854 -0.45910696384956 0.0832205981882833 -0.222522562858904 0.441425206613624 -0.120408330479164 0.0038456735136518 0.362987409605574 -0.32535007971269 -0.243555203477367 -0.192562378286234 0.426001944720871 0.0333525122884984 0.140013211816099 -0.211005114595464 -0.343388591664457 -0.53236347877821 -0.279123618303908
Rhodothermaeota NA NA NA -0.103459064008162 -0.0860185690879301 -0.261432885095337 -0.103459064008162 -0.18868789425357 NA NA -0.215015790780628 -0.0372477687333319 -0.221594179845752 0.234459018578517 -0.155144825430069 -0.281757110750784 0.52272188058293 0.294043723444444 -0.0860185690879301 -0.215015790780628 -0.295508851050541 -0.288611265322793 1 0.451243170293182 -0.234786234615235 0.252703623374558 -0.155144825430069 -0.241409154727308 -0.374648343538014 0.431432606655267 0.0595673317371239 -0.147458035950853 -0.309441747510222 0.418630847802094 0.274123094187257 -0.261432885095337 0.105272140787806 -0.161966270102954 0.467938761994048 0.143929955133523 0.259115257408077 0.130258913503978 0.395231349582236 0.211056305606682 0.0389650287643583 -0.0789303988628543
Thermoplasmatota NA NA NA -0.0586624771130123 -0.161966270102954 -0.189263129767292 -0.194805364509325 -0.256248164916209 NA NA 0.198005084681532 0.271187310407546 -0.218814249575664 0.275649788439505 -0.0670807002600552 -0.0377331485910942 0.363131600175712 0.0166927232612067 0.144141410747708 -0.194540461374781 -0.291289951727013 -0.287970201000393 0.451243170293182 1 -0.158193094279301 0.401598251667759 0.0210648413588192 -0.116315394640859 -0.146896378485482 0.306915010703348 0.0121337723214771 0.214713045998662 -0.0655059551352448 0.286081020822728 0.199792642777331 -0.0630992856490221 0.207988807769568 -0.114393287435456 0.501011358641466 0.0714720501358962 0.323575193885176 0.237233216773015 0.212038033631584 0.399748575377883 0.211395299367772 -0.0477080958127727
Lentisphaerae NA NA NA 0.0729494595658961 0.398247908580567 0.0511730591790994 0.468580829743666 0.80309560240106 NA NA 0.184317766999788 -0.101667157003954 0.789095181245833 0.123556259959385 0.482778380875078 0.00210566452457736 -0.0911881545684363 0.68226240962714 -0.153600078762934 0.0492261784752646 0.613838581539743 0.493771306098729 -0.234786234615235 -0.158193094279301 1 0.215033437548784 -0.17143950765163 0.241601833929075 0.63347012190952 -0.232964831639774 0.128499779507693 -0.0251007848015761 0.697868074974924 0.148893994949832 0.0904342667639824 0.249243583356998 0.00473020633775639 -0.0451980269369432 -0.200012474804449 0.468881703230102 -0.034620665012253 0.525052903490959 0.0896051586936352 -0.22543733386989 -0.480545962040251 -0.24232138627582
Kiritimatiellaeota NA NA NA 0.373592482256063 0.0704396608218432 0.0705197220654732 0.120846483412218 0.188269220129001 NA NA 0.392047654487111 -0.127961269982665 0.286496229768066 0.46625349816449 -0.118613926363093 0.357489214736435 0.338082537575063 0.168070966809599 0.142380318982356 0.00291301151307435 0.157813733228098 0.0637192775603902 0.252703623374558 0.401598251667759 0.215033437548784 1 0.0823218633041086 -0.10361337757271 0.212798583829156 -0.091591087285826 0.352071469921744 0.378946551036698 0.237043097753344 0.299559620620443 0.593340336762394 0.0398896695087332 0.11953738069721 -0.330235157516677 0.215629653933732 0.222163124394374 0.258228718147279 0.264002464075025 0.173865700450704 0.144741499435765 -0.146802055504121 0.140586068522334
Candidatus.Aminicenantes NA NA NA 0.513439472372433 -0.155144825430069 0.151187580488165 -0.186600853686567 -0.0979251259955072 NA NA 0.215792336088338 0.249528784666107 0.0135187527835088 0.0639548825272719 0.0728788977519942 0.370635078485252 0.098313651307333 -0.352220333472878 0.0192787674230562 -0.0387692113383372 0.085705899631207 0.0149282640816264 -0.155144825430069 0.0210648413588192 -0.17143950765163 0.0823218633041086 1 -0.331229324849922 -0.00406379982725373 -0.17959728753453 0.119422170174156 0.18191446433218 0.136476088996276 0.0170846920093233 0.171820140033736 -0.207499786327698 -0.433515814228853 0.203626799801919 0.0268473731575081 -0.154883617134715 -0.0916350794302205 -0.186018654310007 0.147825462520825 0.291429225085677 -0.0262536966011995 0.276560967114755
Candidatus.Eisenbacteria NA NA NA -0.290355506443707 -0.241409154727308 -0.287443446859751 -0.0809835085999454 0.235354789821754 NA NA 0.108986664353535 -0.104535014482747 0.0333921871336793 -0.264157243335631 0.390505405174688 -0.227885209420659 -0.540803118398961 0.264365717587532 0.300902815904079 -0.0605704261132651 0.0323600263648031 0.302485879967788 -0.241409154727308 -0.116315394640859 0.241601833929075 -0.10361337757271 -0.331229324849922 1 0.351340690011873 -0.136439767408437 -0.0666792317633708 -0.0210038081425049 0.0782931416714024 -0.23084878314286 -0.299004200569697 0.137366681237398 0.358527453058645 -0.454554647612424 0.203679145380455 0.302458474835936 -0.190902256527836 0.274836453291003 -0.323880177479164 -0.220630231819879 0.000186275675158503 -0.469040102461798
Unclassified.Bacteria NA NA NA 0.17801355156245 0.372424757786167 0.271160509800924 0.361091626428649 0.526804103747466 NA NA 0.385362882913278 -0.16223026033094 0.6096229448432 0.123580101840971 0.14489778072585 0.320517560351557 -0.17577995155909 0.316799857964106 0.189521901872577 0.195941037082856 0.427931988136818 0.573018517544854 -0.374648343538014 -0.146896378485482 0.63347012190952 0.212798583829156 -0.00406379982725373 0.351340690011873 1 -0.222528907474053 0.145193162030572 0.17111365281132 0.596311784253152 0.0261308105232006 0.181237654072718 0.283157371613987 0.0832889285322053 -0.184318279588832 -0.106995730658078 0.377999869479398 -0.0847535052525579 0.367431192867046 -0.0411111824186904 -0.151549005000974 -0.311921400568224 -0.259762974642952
Verrucomicrobia NA NA NA -0.218191089366308 0.0698568465666885 -0.162451760254232 -0.00941578808719297 -0.285174107961788 NA NA -0.136311876921673 -0.0139715054523947 -0.273050930421298 -0.015711345831683 -0.286616685176341 -0.113514688407315 0.271729577453824 -0.00127898196581892 -0.036311220099547 0.0413277127865831 -0.234683310095433 -0.45910696384956 0.431432606655267 0.306915010703348 -0.232964831639774 -0.091591087285826 -0.17959728753453 -0.136439767408437 -0.222528907474053 1 0.0520446988270988 -0.180380712761473 -0.277677877107984 0.410572825967187 0.0916959839324525 0.0839498396970131 0.356844491005512 0.174994272964917 0.34104768832241 -0.0988620569133948 -0.0147902711815161 0.0476784956362317 0.234359251964196 0.195659486120487 0.188553325642983 0.199841552692717
Other.Proteobacteria NA NA NA 0.275335645127119 -0.110794207345109 0.0279045688657488 -0.04365562758883 0.0453818349712588 NA NA 0.269330830205305 -0.172051900509333 0.208283956675572 0.225065243946668 -0.119057370431885 0.139241976883701 -0.0686683364309247 0.0381623492923942 -0.205885704076714 0.118452969262414 0.0984152702271561 0.0832205981882833 0.0595673317371239 0.0121337723214771 0.128499779507693 0.352071469921744 0.119422170174156 -0.0666792317633708 0.145193162030572 0.0520446988270988 1 0.265351925760267 0.0906271419266849 0.138189429690894 0.475322010125448 -0.0346068812007931 0.0812822213061355 -0.341328993426799 0.157303301209439 0.157351568561759 -0.0221091007834853 0.0273675887651893 -0.135607126341798 0.187904802580039 0.0746213266860365 0.192567224043523
Nitrospirae NA NA NA 0.14345905268362 -0.179696862719392 0.276993163151894 -0.205281185884296 -0.144442363328878 NA NA 0.46105405312479 0.104866903495242 -0.0704745979402444 0.41812683852023 -0.0333784979019662 0.41358154389278 0.212051860456616 -0.244473485535152 0.390709978468318 0.216629118352339 -0.0725192769093131 -0.222522562858904 -0.147458035950853 0.214713045998662 -0.0251007848015761 0.378946551036698 0.18191446433218 -0.0210038081425049 0.17111365281132 -0.180380712761473 0.265351925760267 1 0.191706013681034 -0.106602331915342 0.541696793018169 -0.104498779800016 0.299865608437093 -0.320195715536397 0.262673719817542 -0.0260679581086649 0.344955322913478 0.26322631247791 0.0468021957563863 0.622868031306117 0.380375956475928 0.238016981969383
Thermodesulfobacteria NA NA NA 0.142285384922143 0.485389448990294 0.151487228598428 0.532372697031551 0.726339882356983 NA NA 0.364146623964735 0.108644184401218 0.808159568487366 0.325695184721717 0.486217444882724 0.267275385657744 0.133006887681937 0.581451539369475 -0.0136733161705504 0.0441765833034873 0.754167626146976 0.441425206613624 -0.309441747510222 -0.0655059551352448 0.697868074974924 0.237043097753344 0.136476088996276 0.0782931416714024 0.596311784253152 -0.277677877107984 0.0906271419266849 0.191706013681034 1 -0.0345489443510252 0.176907582418795 0.310021625856797 -0.0191413099466415 0.177354332359301 -0.184468462957815 0.352682991721668 0.252476549940607 0.569733996578253 0.206746060359953 0.105289650291669 -0.395246892903407 -0.0766293069554198
Gemmatimonadetes NA NA NA 0.253329472304927 0.00532504992311861 -0.124960827229751 -0.0337391396523492 0.0952618205977645 NA NA 0.309257415168816 -0.181585971761253 0.178894188016031 0.272991825707129 -0.239977256872271 -0.114783422723609 0.198883675564757 0.195637267908827 -0.0111621238773063 -0.186110917684589 -0.068098865185924 -0.120408330479164 0.418630847802094 0.286081020822728 0.148893994949832 0.299559620620443 0.0170846920093233 -0.23084878314286 0.0261308105232006 0.410572825967187 0.138189429690894 -0.106602331915342 -0.0345489443510252 1 0.295693029352621 -0.120966645537476 0.115591397849462 0.0480443862199482 0.272945468509985 0.354790706605223 -0.0566744285029755 0.190188172043011 0.449500768049155 0.0504512288786482 -0.185243855606759 0.232916496718797
Proteobacteria.Betaproteobacteria NA NA NA 0.519592545432928 -0.0394827501915803 0.345709630414732 -0.0949759667616271 0.0250708067094056 NA NA 0.52026884471815 -0.153871417220358 0.189609804784174 0.533808734671722 -0.208483030352353 0.390526582209099 0.474026281621208 -0.0282296531860377 -0.0298940822879108 0.105519393474059 0.136947922328482 0.0038456735136518 0.274123094187257 0.199792642777331 0.0904342667639824 0.593340336762394 0.171820140033736 -0.299004200569697 0.181237654072718 0.0916959839324525 0.475322010125448 0.541696793018169 0.176907582418795 0.295693029352621 1 -0.212152987319875 0.119700153322716 -0.385810921651843 0.279108068350076 0.129170406416923 0.25567944653153 0.111143274892418 0.121815336754925 0.41520089327241 0.0517258493876476 0.31242970629023
Firmicutes NA NA NA -0.314439101692896 0.270506957720869 0.145964125560538 0.375805825847927 0.212428889131068 NA NA 0.0375827647963649 -0.113205692056615 0.145030370486335 -0.0037195510424779 0.132654449452369 -0.144493390710547 -0.0276485541081173 0.190429721812652 0.189780909180319 -0.255021608802214 0.142424313528459 0.362987409605574 -0.261432885095337 -0.0630992856490221 0.249243583356998 0.0398896695087332 -0.207499786327698 0.137366681237398 0.283157371613987 0.0839498396970131 -0.0346068812007931 -0.104498779800016 0.310021625856797 -0.120966645537476 -0.212152987319875 1 -0.0562816511184226 0.196764200598437 -0.194833070599811 0.158522327942765 0.280119125573486 0.211276649774503 -0.0238613451746308 -0.144257393327496 -0.239702774026019 0.0419917881379135
Planctomycetes NA NA NA -0.326350296063597 0.0118789575208031 -0.052650576852718 -0.038885788073894 -0.0710547368032969 NA NA 0.234468037573335 -0.153649668413368 -0.139158243949797 0.0685024773085018 -0.189580713647858 0.0732865599147414 0.152979173150621 0.0732332018910046 0.241009711424224 0.142956779049697 -0.0850356309185117 -0.32535007971269 0.105272140787806 0.207988807769568 0.00473020633775639 0.11953738069721 -0.433515814228853 0.358527453058645 0.0832889285322053 0.356844491005512 0.0812822213061355 0.299865608437093 -0.0191413099466415 0.115591397849462 0.119700153322716 -0.0562816511184226 1 -0.253590803787031 0.470718125960061 0.00542434715821813 0.182337551422534 0.188844086021505 -0.0280337941628264 0.251584101382488 0.344854070660522 0.076446727334024
Cyanobacteria NA NA NA -0.194805364509325 0.518017835723987 0.0717810805924759 0.408281417015463 0.0428597316763327 NA NA -0.404857997700197 0.196377017881326 0.0576562853682639 -0.0523192580907196 -0.0317518258637128 0.0802467366565335 0.149592514312797 0.0138133257755906 -0.161966270102954 0.14057802202178 0.0770829083923287 -0.243555203477367 -0.161966270102954 -0.114393287435456 -0.0451980269369432 -0.330235157516677 0.203626799801919 -0.454554647612424 -0.184318279588832 0.174994272964917 -0.341328993426799 -0.320195715536397 0.177354332359301 0.0480443862199482 -0.385810921651843 0.196764200598437 -0.253590803787031 1 -0.404986859627951 -0.289680332700076 -0.0337797396347971 -0.0528006197721571 0.396084990074155 -0.181925933371991 -0.262846177185924 0.206901125525518
Actinobacteria NA NA NA -0.0378300653207566 -0.371678244153058 -0.122574692712288 -0.384327070590058 -0.226198793991527 NA NA 0.275201537870874 0.125713365065483 -0.30063017156611 0.147622111397302 -0.102376223932316 -0.0752432399124651 0.230221292552393 -0.00517282140341223 0.200508610566658 -0.0916225522402979 -0.32971409966956 -0.192562378286234 0.467938761994048 0.501011358641466 -0.200012474804449 0.215629653933732 0.0268473731575081 0.203679145380455 -0.106995730658078 0.34104768832241 0.157303301209439 0.262673719817542 -0.184468462957815 0.272945468509985 0.279108068350076 -0.194833070599811 0.470718125960061 -0.404986859627951 1 0.168538786482335 0.345543582507553 0.220862135176651 0.147945468509985 0.39573732718894 0.277601766513057 -0.0484362624050425
Bacteroidetes NA NA NA 0.0761879920180819 0.0279565120963727 -0.223881664725449 0.115733606812687 0.536368680852508 NA NA 0.329373754455101 -0.202538199272167 0.450175819981354 0.023949202965605 0.260426116034009 -0.22484031973843 -0.0619764534935581 0.549539622126547 0.185967128084296 -0.361621108857319 0.213267553074884 0.426001944720871 0.143929955133523 0.0714720501358962 0.468881703230102 0.222163124394374 -0.154883617134715 0.302458474835936 0.377999869479398 -0.0988620569133948 0.157351568561759 -0.0260679581086649 0.352682991721668 0.354790706605223 0.129170406416923 0.158522327942765 0.00542434715821813 -0.289680332700076 0.168538786482335 1 0.130464006316676 0.560771889400922 0.30198732718894 0.0122407834101382 -0.355750768049155 -0.215298946369292
Acidobacteria NA NA NA -0.137040462562606 0.0599652107559009 0.184947621570419 0.103077304585613 0.0181205414819161 NA NA 0.227177740412715 0.202562509787933 -0.032210315541312 0.278697453198915 -0.00884024524380816 -0.0844014836216577 0.553769363806239 0.127475943253952 0.290250055136163 -0.295381150720354 -0.0461418906587254 0.0333525122884984 0.259115257408077 0.323575193885176 -0.034620665012253 0.258228718147279 -0.0916350794302205 -0.190902256527836 -0.0847535052525579 -0.0147902711815161 -0.0221091007834853 0.344955322913478 0.252476549940607 -0.0566744285029755 0.25567944653153 0.280119125573486 0.182337551422534 -0.0337797396347971 0.345543582507553 0.130464006316676 1 0.364699107262053 0.376725320171833 0.527112992586548 0.00340862721195363 0.163413990863268
Proteobacteria.Alphaproteobacteria NA NA NA -0.169443501878552 0.281459609878683 -0.0885982120831943 0.384986897310769 0.557088052940324 NA NA 0.17562148488939 0.0419044550218277 0.468587356996829 0.276530877967229 0.347168857316867 -0.0617243599281924 0.147872700399634 0.68025507534311 0.323855199651204 -0.0270721965775311 0.333935726736437 0.140013211816099 0.130258913503978 0.237233216773015 0.525052903490959 0.264002464075025 -0.186018654310007 0.274836453291003 0.367431192867046 0.0476784956362317 0.0273675887651893 0.26322631247791 0.569733996578253 0.190188172043011 0.111143274892418 0.211276649774503 0.188844086021505 -0.0528006197721571 0.220862135176651 0.560771889400922 0.364699107262053 1 0.425547235023041 0.230318740399386 -0.14276113671275 -0.150997287804818
Chloroflexi NA NA NA -0.0790472411411623 0.325800890969267 -0.10063262964953 0.263358838459732 0.212513959074752 NA NA 0.0178348180947558 0.0279363033478851 0.119702470506579 0.192854108091451 -0.0612806134234029 0.0423862628078324 0.47318189080988 0.302406626538807 0.272140772513225 -0.138894558391609 -0.00821709554088455 -0.211005114595464 0.395231349582236 0.212038033631584 0.0896051586936352 0.173865700450704 0.147825462520825 -0.323880177479164 -0.0411111824186904 0.234359251964196 -0.135607126341798 0.0468021957563863 0.206746060359953 0.449500768049155 0.121815336754925 -0.0238613451746308 -0.0280337941628264 0.396084990074155 0.147945468509985 0.30198732718894 0.376725320171833 0.425547235023041 1 0.249327956989247 -0.238623271889401 0.133595756465048
Proteobacteria.Deltaproteobacteria NA NA NA 0.0666864872398453 -0.277977846467413 0.0471520929646509 -0.311570177519673 -0.242809759916424 NA NA 0.407001121825411 0.209522275109138 -0.203845942657898 0.340185338481074 0.0075858671083868 0.111352879870457 0.48484614962003 -0.173667307341525 0.298766022128818 -0.179210707251673 -0.0699583913939529 -0.343388591664457 0.211056305606682 0.399748575377883 -0.22543733386989 0.144741499435765 0.291429225085677 -0.220630231819879 -0.151549005000974 0.195659486120487 0.187904802580039 0.622868031306117 0.105289650291669 0.0504512288786482 0.41520089327241 -0.144257393327496 0.251584101382488 -0.181925933371991 0.39573732718894 0.0122407834101382 0.527112992586548 0.230318740399386 0.249327956989247 1 0.458573348694316 0.315027722530319
Proteobacteria.Gammaproteobacteria NA NA NA -0.143534305978638 -0.38688535787581 -0.0525987043632079 -0.414723088190806 -0.540270188863338 NA NA 0.0313848280981039 0.11174521339154 -0.565206706469081 0.0502739341605919 -0.27902798146501 0.0988504570278586 0.0185983112825422 -0.485199023322307 0.238910412896841 0.209176540462363 -0.338056838873149 -0.53236347877821 0.0389650287643583 0.211395299367772 -0.480545962040251 -0.146802055504121 -0.0262536966011995 0.000186275675158503 -0.311921400568224 0.188553325642983 0.0746213266860365 0.380375956475928 -0.395246892903407 -0.185243855606759 0.0517258493876476 -0.239702774026019 0.344854070660522 -0.262846177185924 0.277601766513057 -0.355750768049155 0.00340862721195363 -0.14276113671275 -0.238623271889401 0.458573348694316 1 0.1280992727729
TOC..g.kg. NA NA NA 0.291914347719328 0.0614955621370665 0.399764935497011 -0.038578794899013 -0.223455367593061 NA NA 0.237589964232352 -0.132700625959542 -0.0768356613531471 0.112403967284376 -0.375344520663794 0.31264430938431 0.26863379057529 -0.368557840656399 0.0440863272273225 0.0543682855264102 0.034804129931796 -0.279123618303908 -0.0789303988628543 -0.0477080958127727 -0.24232138627582 0.140586068522334 0.276560967114755 -0.469040102461798 -0.259762974642952 0.199841552692717 0.192567224043523 0.238016981969383 -0.0766293069554198 0.232916496718797 0.31242970629023 0.0419917881379135 0.076446727334024 0.206901125525518 -0.0484362624050425 -0.215298946369292 0.163413990863268 -0.150997287804818 0.133595756465048 0.315027722530319 0.1280992727729 1
