Candidatus.Falkowbacteria Chlamydiae Fibrobacteres Candidatus.Latescibacteria Candidatus.Parcubacteria Calditrichaeota Tenericutes Candidatus.Kariarchaeota Candidatus.Bathyarchaeota Spirochaetes candidate.division.WWE3 Candidatus.Rokubacteria candidate.division.Zixibacteria Candidatus.Schekmanbacteria Candidatus.Dadabacteria Candidatus.Krumholzibacteriota Candidatus.Hydrogenedentes Nitrospinae Euryarchaeota Ignavibacteriae Deinococcus.Thermus Thaumarchaeota Rhodothermaeota Thermoplasmatota Lentisphaerae Kiritimatiellaeota Candidatus.Aminicenantes Candidatus.Eisenbacteria Unclassified.Bacteria Verrucomicrobia Other.Proteobacteria Nitrospirae Thermodesulfobacteria Gemmatimonadetes Proteobacteria.Betaproteobacteria Firmicutes Planctomycetes Cyanobacteria Actinobacteria Bacteroidetes Acidobacteria Proteobacteria.Alphaproteobacteria Chloroflexi Proteobacteria.Deltaproteobacteria Proteobacteria.Gammaproteobacteria TOC..g.kg.
Candidatus.Falkowbacteria 1 NA NA NA NA NA NA NA NA NA NA NA NA NA NA NA NA NA NA NA NA NA NA NA NA NA NA NA NA NA NA NA NA NA NA NA NA NA NA NA NA NA NA NA NA NA
Chlamydiae NA 1 NA NA NA NA NA NA NA NA NA NA NA NA NA NA NA NA NA NA NA NA NA NA NA NA NA NA NA NA NA NA NA NA NA NA NA NA NA NA NA NA NA NA NA NA
Fibrobacteres NA NA 1 NA NA NA NA NA NA NA NA NA NA NA NA NA NA NA NA NA NA NA NA NA NA NA NA NA NA NA NA NA NA NA NA NA NA NA NA NA NA NA NA NA NA NA
Candidatus.Latescibacteria NA NA NA 1 -0.0421705282973234 0.00396225504968498 -0.0648847408637022 -0.0904835898424548 NA NA 0.140594430177668 -0.0259395199608183 0.0436173840155528 -0.0108383292955485 -0.103232650035388 0.0135978139066407 -0.0592490538393826 -0.126630571230939 -0.0581019947649469 -0.0209564435699441 0.0963854764035193 -0.0279032197576671 -0.0585278614661395 -0.0220420493072811 -0.0322017006710621 -0.0250059249480118 0.337575168541655 -0.0816819908452388 -0.00823102884526675 -0.0782468150342706 -0.0238725424017863 -0.0740797647503974 -0.0281852703876021 -0.0185227772208866 0.239217109826646 -0.0991780261546851 -0.0344467860497658 -0.0682698289311687 -0.0552397122884883 -0.0436303408662925 -0.0271342475210859 -0.0310885614788011 -0.0564592526767926 0.0259065773018534 -0.0365627175522772 0.124625819809441
Candidatus.Parcubacteria NA NA NA -0.0421705282973234 1 0.090465615620847 0.658962192768312 0.290285996063089 NA NA -0.130510394632248 -0.0262213723412981 0.739237350193401 -0.0153229249553281 -0.104354350367532 -0.00465650229632254 -0.0496180122075771 0.257539383627069 -0.0587333166074428 -0.00312583762536218 0.430461583266327 -0.0384419760473253 -0.0591638106704248 -0.0279350322757318 -0.0301938277857931 -0.0405028592333562 -0.101580681686681 -0.082569527067838 0.063819354559928 -0.0606820418999257 -0.0329390851500048 -0.0948466006557954 0.575186646244372 -0.0405842503198563 -0.0642400324100226 0.0791265882291135 -0.0298117290410601 0.126465020818107 -0.127393205595658 -0.062585693347543 -0.0272280370556312 -0.0104069282250576 0.0525559829977025 -0.249959222793725 -0.175614986687762 0.0194887046476279
Calditrichaeota NA NA NA 0.00396225504968498 0.090465615620847 1 0.106090109270877 0.0530758811691064 NA NA 0.133727641795947 -0.0746521342574572 0.0551090478219533 -0.043358704053912 -0.229837416735676 -0.0708077181586194 -0.143359678689178 -0.216406257380551 0.0376863433534473 0.50746021883996 0.00849647510412437 0.0565855089763836 -0.168439114469806 -0.077524324917567 -0.092738726328544 -0.118448227347878 0.0554211084997552 0.0618304419790556 -0.00485022553566223 0.0524006276787497 -0.0707983298440853 0.199319602065078 -0.00315018405175501 -0.104188419494189 0.109678649873795 0.010281392051897 0.321105600781328 -0.0985304442156038 -0.086351808728487 -0.193920836557573 -0.0763620973364089 -0.0457584379828259 -0.158812817739778 0.0834080513709311 0.000372916416173731 0.375050690261894
Tenericutes NA NA NA -0.0648847408637022 0.658962192768312 0.106090109270877 1 0.458375012653855 NA NA -0.200806901825568 -0.0403449285116915 0.816820519628772 -0.0488332125105337 -0.088727298356363 -0.0113278843847763 -0.0780227334329193 0.407427016599862 -0.0903687049228072 -0.00565900877812939 0.68807381274193 -0.0507793882557585 -0.0910310749913776 -0.0429816130699284 -0.0470511784265137 -0.0657651951772885 -0.156294845573867 -0.102004459872973 0.059230602579072 -0.0968198568006655 -0.0503686485057472 -0.148082704912672 0.758417023107348 -0.0619038961821631 -0.0992755476349954 0.109365025654235 -0.045994659335921 0.177406841179189 -0.18509723171486 -0.0821982869241549 -0.0418296798846886 -0.0137315187350029 0.070285173294279 -0.281533891758257 -0.267815658210917 0.0379550389008982
Candidatus.Kariarchaeota NA NA NA -0.0904835898424548 0.290285996063089 0.0530758811691064 0.458375012653855 1 NA NA -0.00907760154273929 -0.0722156277517718 0.63932044909525 -0.0630695831196443 0.502504483256133 -0.0711048424354952 -0.149073338989174 0.760555012107874 -0.161755962790316 -0.108562471317367 0.612150570376781 -0.0556779187273452 -0.162941575755077 0.1931934169281 0.437783222059581 0.082875781441992 -0.184671039000619 0.346138967056115 0.0715427190719563 -0.254067267830193 -0.0881869662082329 -0.248373689633141 0.721163838373864 -0.101314341981495 -0.09689271691968 0.0369881642789574 -0.081884522767391 -0.0366547938440979 -0.233908365778406 0.240515191662459 -0.0750843001436933 -0.0230814052177768 -0.043130863037529 -0.238590595652182 -0.361681966651129 -0.260803350565185
Candidatus.Bathyarchaeota NA NA NA NA NA NA NA NA 1 NA NA NA NA NA NA NA NA NA NA NA NA NA NA NA NA NA NA NA NA NA NA NA NA NA NA NA NA NA NA NA NA NA NA NA NA NA
Spirochaetes NA NA NA NA NA NA NA NA NA 1 NA NA NA NA NA NA NA NA NA NA NA NA NA NA NA NA NA NA NA NA NA NA NA NA NA NA NA NA NA NA NA NA NA NA NA NA
candidate.division.WWE3 NA NA NA 0.140594430177668 -0.130510394632248 0.133727641795947 -0.200806901825568 -0.00907760154273929 NA NA 1 -0.0802782683391792 -0.0416201130578402 -0.0266801521937156 -0.0313991379655158 -0.0516760786592148 -0.16233248752868 -0.108479255684966 0.357207765049251 -0.153063495456821 -0.0142401233419292 -0.111586504366534 -0.181133474142705 0.140170183869778 0.122872252817416 0.237296422318782 0.171769322381531 0.37416546886829 0.0122396764682265 -0.00162088599988014 0.35554652680882 0.292468442162007 0.0581945606979041 -0.100186904531281 0.260313190318631 -0.0232178126404995 0.255848814485148 -0.211283156152645 0.0129738919017068 0.100455375875551 -0.0817297415166541 -0.0434353501355559 -0.0569395860606755 0.422038672644995 -0.0189557098701197 0.242079913133311
Candidatus.Rokubacteria NA NA NA -0.0259395199608183 -0.0262213723412981 -0.0746521342574572 -0.0403449285116915 -0.0722156277517718 NA NA -0.0802782683391792 1 -0.0712867460511987 -0.0742867773747354 0.265035231075184 -0.0203739121166415 -0.0364093581567527 -0.0787381019897838 -0.0361274591525695 -0.0181136177704123 -0.104544658706288 -0.0366349175058447 -0.0363922604199617 -0.00522734397724461 -0.0203186129146058 -0.0286497149041639 0.232223863367088 -0.0507893541297526 -0.0379989284484049 -0.0449702016858466 -0.0220147237974179 -0.016114209635822 0.0176739583698239 -0.0319443536509225 -0.0576922658064492 -0.0616682801206942 -0.0218551402973885 0.0321454632052983 -0.0232417905352577 -0.0605843037827544 -0.0132133675298432 -0.0144772010440875 -0.0208067036436799 0.2489100369478 0.0427972188462746 -0.123931311278943
candidate.division.Zixibacteria NA NA NA 0.0436173840155528 0.739237350193401 0.0551090478219533 0.816820519628772 0.63932044909525 NA NA -0.0416201130578402 -0.0712867460511987 1 -0.0393350369143234 0.146635660569755 -0.0394114328811122 -0.152557794934029 0.578411278486572 -0.159675358377225 -0.06752495378671 0.758163149905552 -0.0790323534862115 -0.160845721260788 0.0380934244110634 0.122982103080475 -0.0144819675133473 -0.119484365612763 0.0558934318021899 0.0755343534993781 -0.221446900622906 -0.0801635045645146 -0.233213771998225 0.904351884462911 -0.0997987445717945 0.0745451418869278 0.0642323750315902 -0.0817101827468437 0.0741776267178794 -0.268467977439683 0.131648321937966 -0.0740780456201626 -0.0369475360882393 -0.0119579013776933 -0.3098474849194 -0.341764819702085 -0.065284662591577
Candidatus.Schekmanbacteria NA NA NA -0.0108383292955485 -0.0153229249553281 -0.043358704053912 -0.0488332125105337 -0.0630695831196443 NA NA -0.0266801521937156 -0.0742867773747354 -0.0393350369143234 1 -0.00650736809383533 -0.0807729038561316 0.034785192928908 -0.0470223546235342 -0.0618031189004068 -0.0283341441870916 -0.0304852930308267 -0.132911790437265 0.0107168247224604 -0.0150592035628697 -0.00567017950560623 -0.0132486088682371 0.0532635064423707 -0.0978350028743917 -0.0755929755408991 -0.0141044250816046 -0.0113917184681233 -0.0155424239025987 0.0146530208193696 0.0658326597696004 0.0162577431991933 -0.0343328457330828 -0.0639056647214997 0.682881939760505 -0.0664804137675512 0.020492326061293 -0.0758944085780775 -0.0759931125816071 0.0180575215699028 0.0843977669331939 0.272447153146821 -0.00202947031472977
Candidatus.Dadabacteria NA NA NA -0.103232650035388 -0.104354350367532 -0.229837416735676 -0.088727298356363 0.502504483256133 NA NA -0.0313991379655158 0.265035231075184 0.146635660569755 -0.00650736809383533 1 -0.0891752941399146 -0.154449899548798 0.562049306794363 -0.143778040341473 -0.131109580782547 0.280277064690938 -0.0625410688382565 -0.144831881607885 0.243512333115877 0.254868513992656 0.116960899019518 0.178164923518516 0.374093862491791 -0.0187886237981788 -0.250608389731477 -0.0800876065950543 -0.187745905067751 0.348147361811439 -0.101291951093446 -0.16929057166947 -0.0249375587847716 -0.0760768717678638 -0.109322975293704 -0.18748650446379 0.312745990889014 -0.0656776252245242 -0.0242741383470545 -0.108871092198095 0.0759265404957625 -0.193614870942821 -0.327960735949418
Candidatus.Krumholzibacteriota NA NA NA 0.0135978139066407 -0.00465650229632254 -0.0708077181586194 -0.0113278843847763 -0.0711048424354952 NA NA -0.0516760786592148 -0.0203739121166415 -0.0394114328811122 -0.0807729038561316 -0.0891752941399146 1 -0.0542074218012896 -0.08921835298919 -0.00141725597870938 -0.011923392604437 0.0287875730257558 -0.0476348263476068 -0.0523584173249521 -0.023371789610149 -0.0290435490018436 -0.00336224279537228 -0.0288093690810889 -0.0399780673124765 -0.0313195489854417 0.00391916061154754 0.0166009543162578 -0.0343804247266045 -0.067208464099709 -0.0376813003130413 -0.0340434033576426 -0.0657667838269367 0.00249837960844168 -0.0479329476059473 -0.0424018566157607 -0.0675302431690633 -0.0246459032418336 -0.034209623746211 -0.0959177911088775 -0.0233419892202224 0.207067399807183 -0.0658689552135651
Candidatus.Hydrogenedentes NA NA NA -0.0592490538393826 -0.0496180122075771 -0.143359678689178 -0.0780227334329193 -0.149073338989174 NA NA -0.16233248752868 -0.0364093581567527 -0.152557794934029 0.034785192928908 -0.154449899548798 -0.0542074218012896 1 0.11974607067261 -0.0697828151529721 -0.0851357947682361 -0.220072011540398 -0.0904297715540885 0.886624161281187 -0.0403192733898763 -0.0518413303528006 -0.0175978926153775 -0.129701117794696 -0.124916069119412 -0.0859749573343046 0.569249921550232 -0.0484131807911591 -0.114958302237028 -0.191128928030078 0.0607683513311594 0.0399436609182086 -0.135858690731552 -0.040853703403943 -0.0980976104856138 0.830292535169261 0.23657928484505 -0.0421853113277805 -0.0344656717112182 0.519385056541172 0.172260140804879 -0.0111509956707153 -0.0636794454262609
Nitrospinae NA NA NA -0.126630571230939 0.257539383627069 -0.216406257380551 0.407427016599862 0.760555012107874 NA NA -0.108479255684966 -0.0787381019897838 0.578411278486572 -0.0470223546235342 0.562049306794363 -0.08921835298919 0.11974607067261 1 -0.176365668929979 -0.125604717473531 0.597662402399503 -0.0739423754917769 0.172113998175632 0.192932989296216 0.266705186763406 0.075502245093434 -0.305028660236847 0.345751405173485 0.0233546750530295 -0.0796973795103112 -0.0959791482216268 -0.277058924632177 0.665846989281826 -0.0784325944943636 -0.148929886350749 0.0387345450992651 -0.0878730547047771 -0.058319319717186 0.0493282972021423 0.307550068113259 -0.081672297539034 -0.0198231882511657 0.17871276268386 -0.21010331757447 -0.364455752039162 -0.34327553477398
Euryarchaeota NA NA NA -0.0581019947649469 -0.0587333166074428 0.0376863433534473 -0.0903687049228072 -0.161755962790316 NA NA 0.357207765049251 -0.0361274591525695 -0.159675358377225 -0.0618031189004068 -0.143778040341473 -0.00141725597870938 -0.0697828151529721 -0.176365668929979 1 -0.0703306206989975 -0.234169838995907 -0.0606052074050347 -0.081515113911094 -0.0263248440729532 -0.0454047807492196 0.30348870239113 0.114568112150011 0.376024728971385 0.0755700059625918 0.228135646525251 0.60709935216903 0.515955308919344 -0.089568848070685 -0.0496137804047203 -0.0869817872656084 0.0653991494414573 0.423956659223765 -0.0950833114795196 0.173775866227331 -0.0114687513422448 -0.023631097916186 0.452019161087266 0.149436017557067 0.297507743178653 0.087473419397182 0.0172715452515898
Ignavibacteriae NA NA NA -0.0209564435699441 -0.00312583762536218 0.50746021883996 -0.00565900877812939 -0.108562471317367 NA NA -0.153063495456821 -0.0181136177704123 -0.06752495378671 -0.0283341441870916 -0.131109580782547 -0.011923392604437 -0.0851357947682361 -0.125604717473531 -0.0703306206989975 1 -0.129805237108591 -0.0734129238691008 -0.0772984171298185 -0.0361546129282186 -0.0427872927690089 -0.0571780530900224 -0.0949900525483246 -0.0964825567564091 -0.0584698931891607 -0.0802613153501676 -0.0317342670846224 0.543830623539178 -0.108082773842952 -0.0535744461143883 0.040815583363719 -0.109928591750645 -0.0358112814147612 -0.0662313022281955 -0.0778401626311866 -0.0894058825627181 -0.0358416781042461 -0.0315133804027173 -0.120020568314891 -0.0536453732935718 0.0965661026536704 0.118793156403054
Deinococcus.Thermus NA NA NA 0.0963854764035193 0.430461583266327 0.00849647510412437 0.68807381274193 0.612150570376781 NA NA -0.0142401233419292 -0.104544658706288 0.758163149905552 -0.0304852930308267 0.280277064690938 0.0287875730257558 -0.220072011540398 0.597662402399503 -0.234169838995907 -0.129805237108591 1 -0.121698401777141 -0.235886219599627 0.00914461750993289 0.0672104674878833 -0.0663570248354524 -0.0496675022727238 0.00600014235776276 -0.0115796294361238 -0.281477454404105 -0.119531991992923 -0.281808007214592 0.745986613729957 -0.154682658347686 0.0237625080653059 0.0378380901123357 -0.110672650841646 -0.00979921743388601 -0.355640266498031 0.0233192418887117 -0.108071137486969 -0.0747432331250354 -0.120963170162679 -0.162395513034907 -0.202444467890439 -0.0123162179404091
Thaumarchaeota NA NA NA -0.0279032197576671 -0.0384419760473253 0.0565855089763836 -0.0507793882557585 -0.0556779187273452 NA NA -0.111586504366534 -0.0366349175058447 -0.0790323534862115 -0.132911790437265 -0.0625410688382565 -0.0476348263476068 -0.0904297715540885 -0.0739423754917769 -0.0606052074050347 -0.0734129238691008 -0.121698401777141 1 -0.0826601024168639 -0.0219161104169643 -0.0186150619230837 -0.0484601944247763 -0.102896233319056 -0.0386191321373917 0.0482693636428323 -0.124943943620294 -0.0375261548231735 -0.168147154033139 -0.109040661143041 -0.0630390649483863 -0.0845056785006004 0.212353898167071 -0.0138283698820054 -0.0870974721667481 -0.0115656230431664 -0.0579708806661194 -0.0377161295198415 -0.0672106380634005 -0.211386976520452 -0.374304397345935 -0.075797980214838 -0.214984843824765
Rhodothermaeota NA NA NA -0.0585278614661395 -0.0591638106704248 -0.168439114469806 -0.0910310749913776 -0.162941575755077 NA NA -0.181133474142705 -0.0363922604199617 -0.160845721260788 0.0107168247224604 -0.144831881607885 -0.0523584173249521 0.886624161281187 0.172113998175632 -0.081515113911094 -0.0772984171298185 -0.235886219599627 -0.0826601024168639 1 -0.0361511129697442 -0.0458452956587654 -0.0506297166750214 -0.140982347279995 -0.1145970429272 -0.0857377477859783 0.462644789106543 -0.043286736529384 -0.132888009021592 -0.205165029889768 0.0621939813351376 0.0599439613081668 -0.139143382807814 -0.0389409866392666 -0.0957802379165907 0.844872538078497 0.302015970725345 -0.037240638443422 -0.0296269023245038 0.687650190449214 0.128165967724773 -0.00820086486399577 -0.0650643334270495
Thermoplasmatota NA NA NA -0.0220420493072811 -0.0279350322757318 -0.077524324917567 -0.0429816130699284 0.1931934169281 NA NA 0.140170183869778 -0.00522734397724461 0.0380934244110634 -0.0150592035628697 0.243512333115877 -0.023371789610149 -0.0403192733898763 0.192932989296216 -0.0263248440729532 -0.0361546129282186 0.00914461750993289 -0.0219161104169643 -0.0361511129697442 1 -0.00767670703328638 0.709840509767654 -0.0592899372263137 0.388992486468659 -0.0194706642549224 -0.0513892803661182 -0.0154218274258872 -0.0412441165790017 0.17710148853881 -0.0215369632356314 -0.0358588368329407 -0.0603412981769744 -0.016392586342249 -0.0431067568432511 -0.0217266206215344 0.143756940036708 -0.017771174101479 0.00101811443919231 -0.00862726277399297 0.0069731472446895 -0.098891816070348 -0.1467286357215
Lentisphaerae NA NA NA -0.0322017006710621 -0.0301938277857931 -0.092738726328544 -0.0470511784265137 0.437783222059581 NA NA 0.122872252817416 -0.0203186129146058 0.122982103080475 -0.00567017950560623 0.254868513992656 -0.0290435490018436 -0.0518413303528006 0.266705186763406 -0.0454047807492196 -0.0427872927690089 0.0672104674878833 -0.0186150619230837 -0.0458452956587654 -0.00767670703328638 1 -0.0260446581356414 -0.0784684702414053 0.354643545526549 0.168717895364331 -0.0760086675230841 -0.0241754042631763 -0.0665264433147873 0.257369907941954 -0.0202884528973246 -0.0509460737320975 -0.0596670350323186 -0.0177022665793277 -0.0525299360549122 -0.039322928233041 0.24245481170556 -0.0212294759022161 -0.00569746255164008 -0.0223971062402378 0.00806797694615407 -0.0771150198776011 -0.231880103572711
Kiritimatiellaeota NA NA NA -0.0250059249480118 -0.0405028592333562 -0.118448227347878 -0.0657651951772885 0.082875781441992 NA NA 0.237296422318782 -0.0286497149041639 -0.0144819675133473 -0.0132486088682371 0.116960899019518 -0.00336224279537228 -0.0175978926153775 0.075502245093434 0.30348870239113 -0.0571780530900224 -0.0663570248354524 -0.0484601944247763 -0.0506297166750214 0.709840509767654 -0.0260446581356414 1 -0.0646510388028089 0.310341829244902 0.0487801752645947 0.0411836431914408 0.0555029025273001 0.272387724866767 0.126190883733201 -0.0388820626758051 0.0268446905246868 0.023063067519537 -0.00416139315502405 -0.0738787059481296 0.0793533695007335 0.108612557204962 -0.0296072695240697 0.000300504431707097 -0.0160479498639819 0.0731438049473971 -0.0437605523765788 -0.175622879176704
Candidatus.Aminicenantes NA NA NA 0.337575168541655 -0.101580681686681 0.0554211084997552 -0.156294845573867 -0.184671039000619 NA NA 0.171769322381531 0.232223863367088 -0.119484365612763 0.0532635064423707 0.178164923518516 -0.0288093690810889 -0.129701117794696 -0.305028660236847 0.114568112150011 -0.0949900525483246 -0.0496675022727238 -0.102896233319056 -0.140982347279995 -0.0592899372263137 -0.0784684702414053 -0.0646510388028089 1 -0.127745178568163 -0.0559786336027424 -0.178716231528927 0.32512295902361 0.0438954030275044 -0.0903841071930343 -0.0740695979255417 0.051249372435983 -0.135899764860834 -0.0792760597640051 -0.00436611058111715 -0.132610468600584 -0.166956847938885 -0.0638042742627478 -0.0835395966913189 0.00581043868567413 0.253810425279467 -0.0643871380095803 0.205915158287943
Candidatus.Eisenbacteria NA NA NA -0.0816819908452388 -0.082569527067838 0.0618304419790556 -0.102004459872973 0.346138967056115 NA NA 0.37416546886829 -0.0507893541297526 0.0558934318021899 -0.0978350028743917 0.374093862491791 -0.0399780673124765 -0.124916069119412 0.345751405173485 0.376024728971385 -0.0964825567564091 0.00600014235776276 -0.0386191321373917 -0.1145970429272 0.388992486468659 0.354643545526549 0.310341829244902 -0.127745178568163 1 0.0581271644158099 0.338221434153807 0.113757441200797 0.0314078841010295 0.228885964353234 -0.0583966390438348 -0.1237486825193 -0.007566701501581 0.668935509015596 -0.133671730363563 0.119245309759906 0.20092725268643 -0.0525392767477662 0.0559557650085105 -0.0177669141554861 0.129179847324989 -0.137549848790235 -0.247071554641937
Unclassified.Bacteria NA NA NA -0.00823102884526675 0.063819354559928 -0.00485022553566223 0.059230602579072 0.0715427190719563 NA NA 0.0122396764682265 -0.0379989284484049 0.0755343534993781 -0.0755929755408991 -0.0187886237981788 -0.0313195489854417 -0.0859749573343046 0.0233546750530295 0.0755700059625918 -0.0584698931891607 -0.0115796294361238 0.0482693636428323 -0.0857377477859783 -0.0194706642549224 0.168717895364331 0.0487801752645947 -0.0559786336027424 0.0581271644158099 1 -0.100703911673439 0.0886909617687408 -0.0218576912903446 0.0923204564296724 -0.0561992118521267 -0.0921463472015504 0.0165313309865586 0.000497640323554304 -0.0581657568760727 -0.104471120066341 0.0492880717725513 -0.0394153270690918 -0.0505152341962394 -0.0988811117741414 -0.208586752975713 -0.234423427392083 -0.25000559961435
Verrucomicrobia NA NA NA -0.0782468150342706 -0.0606820418999257 0.0524006276787497 -0.0968198568006655 -0.254067267830193 NA NA -0.00162088599988014 -0.0449702016858466 -0.221446900622906 -0.0141044250816046 -0.250608389731477 0.00391916061154754 0.569249921550232 -0.0796973795103112 0.228135646525251 -0.0802613153501676 -0.281477454404105 -0.124943943620294 0.462644789106543 -0.0513892803661182 -0.0760086675230841 0.0411836431914408 -0.178716231528927 0.338221434153807 -0.100703911673439 1 -0.0853327595692198 -0.0730454456811315 -0.254390503313377 0.097679730432414 -0.0850480138735694 0.110159964042354 0.660274363004062 0.0540340073327084 0.678775880937374 -0.0164793345562356 0.0610643297938315 -0.0183691896785834 0.209411735323731 0.20999031020124 0.0555419362536079 0.0586824641941952
Other.Proteobacteria NA NA NA -0.0238725424017863 -0.0329390851500048 -0.0707983298440853 -0.0503686485057472 -0.0881869662082329 NA NA 0.35554652680882 -0.0220147237974179 -0.0801635045645146 -0.0113917184681233 -0.0800876065950543 0.0166009543162578 -0.0484131807911591 -0.0959791482216268 0.60709935216903 -0.0317342670846224 -0.119531991992923 -0.0375261548231735 -0.043286736529384 -0.0154218274258872 -0.0241754042631763 0.0555029025273001 0.32512295902361 0.113757441200797 0.0886909617687408 -0.0853327595692198 1 0.503384202408151 -0.0115934898886745 -0.0344358577580477 -0.0254019600132119 0.0424519360506306 -0.0145951068456754 -0.0540823560038137 0.0711338171064935 -0.0227211578022941 -0.0217904717951153 -0.0239135045089711 0.173698867834967 0.166019658730685 0.026073986021001 -0.00292531992018633
Nitrospirae NA NA NA -0.0740797647503974 -0.0948466006557954 0.199319602065078 -0.148082704912672 -0.248373689633141 NA NA 0.292468442162007 -0.016114209635822 -0.233213771998225 -0.0155424239025987 -0.187745905067751 -0.0343804247266045 -0.114958302237028 -0.277058924632177 0.515955308919344 0.543830623539178 -0.281808007214592 -0.168147154033139 -0.132888009021592 -0.0412441165790017 -0.0665264433147873 0.272387724866767 0.0438954030275044 0.0314078841010295 -0.0218576912903446 -0.0730454456811315 0.503384202408151 1 -0.172714654180385 -0.12531241919645 0.0205601013292906 -0.0460124400252175 0.044024725862134 -0.195087862919163 0.029343008580692 -0.121553869183327 -0.0864201184908563 0.0267880220578282 -0.0347084438546595 0.278186668325857 0.177398331232401 0.106300815397183
Thermodesulfobacteria NA NA NA -0.0281852703876021 0.575186646244372 -0.00315018405175501 0.758417023107348 0.721163838373864 NA NA 0.0581945606979041 0.0176739583698239 0.904351884462911 0.0146530208193696 0.348147361811439 -0.067208464099709 -0.191128928030078 0.665846989281826 -0.089568848070685 -0.108082773842952 0.745986613729957 -0.109040661143041 -0.205165029889768 0.17710148853881 0.257369907941954 0.126190883733201 -0.0903841071930343 0.228885964353234 0.0923204564296724 -0.254390503313377 -0.0115934898886745 -0.172714654180385 1 -0.130293381655087 -0.0739877840380114 0.066729611689397 -0.079193988590195 0.0428302363293829 -0.27340165723817 0.23763497164622 -0.093424798654541 -0.0428873582972859 -0.0107653960994537 -0.139473084805521 -0.275588198883819 -0.170936026472399
Gemmatimonadetes NA NA NA -0.0185227772208866 -0.0405842503198563 -0.104188419494189 -0.0619038961821631 -0.101314341981495 NA NA -0.100186904531281 -0.0319443536509225 -0.0997987445717945 0.0658326597696004 -0.101291951093446 -0.0376813003130413 0.0607683513311594 -0.0784325944943636 -0.0496137804047203 -0.0535744461143883 -0.154682658347686 -0.0630390649483863 0.0621939813351376 -0.0215369632356314 -0.0202884528973246 -0.0388820626758051 -0.0740695979255417 -0.0583966390438348 -0.0561992118521267 0.097679730432414 -0.0344358577580477 -0.12531241919645 -0.130293381655087 1 -0.0681083035178872 0.00392726537958338 -0.0150868389723324 0.315932908881695 -0.00865607802955893 0.148119029230107 -0.0245793478730202 -0.0481222654780005 0.190998943336705 -0.104720692425529 -0.135644503437786 0.11266992017553
Proteobacteria.Betaproteobacteria NA NA NA 0.239217109826646 -0.0642400324100226 0.109678649873795 -0.0992755476349954 -0.09689271691968 NA NA 0.260313190318631 -0.0576922658064492 0.0745451418869278 0.0162577431991933 -0.16929057166947 -0.0340434033576426 0.0399436609182086 -0.148929886350749 -0.0869817872656084 0.040815583363719 0.0237625080653059 -0.0845056785006004 0.0599439613081668 -0.0358588368329407 -0.0509460737320975 0.0268446905246868 0.051249372435983 -0.1237486825193 -0.0921463472015504 -0.0850480138735694 -0.0254019600132119 0.0205601013292906 -0.0739877840380114 -0.0681083035178872 1 -0.0743680090195133 -0.0479733459411677 -0.146077881118672 -0.00794443037547445 -0.0385562113848574 -0.065715860659799 -0.0679571638717217 -0.0113126719847777 0.0745289823091226 -0.0905931621919247 0.228149338508791
Firmicutes NA NA NA -0.0991780261546851 0.0791265882291135 0.010281392051897 0.109365025654235 0.0369881642789574 NA NA -0.0232178126404995 -0.0616682801206942 0.0642323750315902 -0.0343328457330828 -0.0249375587847716 -0.0657667838269367 -0.135858690731552 0.0387345450992651 0.0653991494414573 -0.109928591750645 0.0378380901123357 0.212353898167071 -0.139143382807814 -0.0603412981769744 -0.0596670350323186 0.023063067519537 -0.135899764860834 -0.007566701501581 0.0165313309865586 0.110159964042354 0.0424519360506306 -0.0460124400252175 0.066729611689397 0.00392726537958338 -0.0743680090195133 1 0.0393992216484728 0.0609150507253604 -0.102300722354896 -0.0490346577884777 0.0228992578976994 -0.0603702436672937 -0.123704658584828 -0.213828276942878 -0.279680024218004 -0.0683904827224134
Planctomycetes NA NA NA -0.0344467860497658 -0.0298117290410601 0.321105600781328 -0.045994659335921 -0.081884522767391 NA NA 0.255848814485148 -0.0218551402973885 -0.0817101827468437 -0.0639056647214997 -0.0760768717678638 0.00249837960844168 -0.040853703403943 -0.0878730547047771 0.423956659223765 -0.0358112814147612 -0.110672650841646 -0.0138283698820054 -0.0389409866392666 -0.016392586342249 -0.0177022665793277 -0.00416139315502405 -0.0792760597640051 0.668935509015596 0.000497640323554304 0.660274363004062 -0.0145951068456754 0.044024725862134 -0.079193988590195 -0.0150868389723324 -0.0479733459411677 0.0393992216484728 1 -0.0562992532378796 0.240759244711462 -0.0375010862072635 -0.0167965078366099 0.0781959022524789 0.00861908974260725 0.202179509577486 0.0622040229648244 0.0608119624609287
Cyanobacteria NA NA NA -0.0682698289311687 0.126465020818107 -0.0985304442156038 0.177406841179189 -0.0366547938440979 NA NA -0.211283156152645 0.0321454632052983 0.0741776267178794 0.682881939760505 -0.109322975293704 -0.0479329476059473 -0.0980976104856138 -0.058319319717186 -0.0950833114795196 -0.0662313022281955 -0.00979921743388601 -0.0870974721667481 -0.0957802379165907 -0.0431067568432511 -0.0525299360549122 -0.0738787059481296 -0.00436611058111715 -0.133671730363563 -0.0581657568760727 0.0540340073327084 -0.0540823560038137 -0.195087862919163 0.0428302363293829 0.315932908881695 -0.146077881118672 0.0609150507253604 -0.0562992532378796 1 -0.136011653350436 -0.103824843535131 0.19074323635556 -0.0528692483743369 0.0559009771622614 -0.233535593034792 -0.0772225817300108 0.0971654544690477
Actinobacteria NA NA NA -0.0552397122884883 -0.127393205595658 -0.086351808728487 -0.18509723171486 -0.233908365778406 NA NA 0.0129738919017068 -0.0232417905352577 -0.268467977439683 -0.0664804137675512 -0.18748650446379 -0.0424018566157607 0.830292535169261 0.0493282972021423 0.173775866227331 -0.0778401626311866 -0.355640266498031 -0.0115656230431664 0.844872538078497 -0.0217266206215344 -0.039322928233041 0.0793533695007335 -0.132610468600584 0.119245309759906 -0.104471120066341 0.678775880937374 0.0711338171064935 0.029343008580692 -0.27340165723817 -0.00865607802955893 -0.00794443037547445 -0.102300722354896 0.240759244711462 -0.136011653350436 1 0.211236151877172 0.258627878075426 -0.067408376193444 0.589709813903919 0.217694839929483 0.00205533363670053 -0.0161903305914129
Bacteroidetes NA NA NA -0.0436303408662925 -0.062585693347543 -0.193920836557573 -0.0821982869241549 0.240515191662459 NA NA 0.100455375875551 -0.0605843037827544 0.131648321937966 0.020492326061293 0.312745990889014 -0.0675302431690633 0.23657928484505 0.307550068113259 -0.0114687513422448 -0.0894058825627181 0.0233192418887117 -0.0579708806661194 0.302015970725345 0.143756940036708 0.24245481170556 0.108612557204962 -0.166956847938885 0.20092725268643 0.0492880717725513 -0.0164793345562356 -0.0227211578022941 -0.121553869183327 0.23763497164622 0.148119029230107 -0.0385562113848574 -0.0490346577884777 -0.0375010862072635 -0.103824843535131 0.211236151877172 1 -0.0486585078228616 0.0712023145968432 0.328146710012123 0.0543378158515461 -0.00546179362811515 -0.294956721658872
Acidobacteria NA NA NA -0.0271342475210859 -0.0272280370556312 -0.0763620973364089 -0.0418296798846886 -0.0750843001436933 NA NA -0.0817297415166541 -0.0132133675298432 -0.0740780456201626 -0.0758944085780775 -0.0656776252245242 -0.0246459032418336 -0.0421853113277805 -0.081672297539034 -0.023631097916186 -0.0358416781042461 -0.108071137486969 -0.0377161295198415 -0.037240638443422 -0.017771174101479 -0.0212294759022161 -0.0296072695240697 -0.0638042742627478 -0.0525392767477662 -0.0394153270690918 0.0610643297938315 -0.0217904717951153 -0.0864201184908563 -0.093424798654541 -0.0245793478730202 -0.065715860659799 0.0228992578976994 -0.0167965078366099 0.19074323635556 0.258627878075426 -0.0486585078228616 1 0.00476973127782456 0.171029143326247 -0.121551830132591 -0.0834149924665031 0.123769207329425
Proteobacteria.Alphaproteobacteria NA NA NA -0.0310885614788011 -0.0104069282250576 -0.0457584379828259 -0.0137315187350029 -0.0230814052177768 NA NA -0.0434353501355559 -0.0144772010440875 -0.0369475360882393 -0.0759931125816071 -0.0242741383470545 -0.034209623746211 -0.0344656717112182 -0.0198231882511657 0.452019161087266 -0.0315133804027173 -0.0747432331250354 -0.0672106380634005 -0.0296269023245038 0.00101811443919231 -0.00569746255164008 0.000300504431707097 -0.0835395966913189 0.0559557650085105 -0.0505152341962394 -0.0183691896785834 -0.0239135045089711 0.0267880220578282 -0.0428873582972859 -0.0481222654780005 -0.0679571638717217 -0.0603702436672937 0.0781959022524789 -0.0528692483743369 -0.067408376193444 0.0712023145968432 0.00476973127782456 1 0.0937643266574339 0.250108595081352 0.0565731098329748 -0.00727971153940672
Chloroflexi NA NA NA -0.0564592526767926 0.0525559829977025 -0.158812817739778 0.070285173294279 -0.043130863037529 NA NA -0.0569395860606755 -0.0208067036436799 -0.0119579013776933 0.0180575215699028 -0.108871092198095 -0.0959177911088775 0.519385056541172 0.17871276268386 0.149436017557067 -0.120020568314891 -0.120963170162679 -0.211386976520452 0.687650190449214 -0.00862726277399297 -0.0223971062402378 -0.0160479498639819 0.00581043868567413 -0.0177669141554861 -0.0988811117741414 0.209411735323731 0.173698867834967 -0.0347084438546595 -0.0107653960994537 0.190998943336705 -0.0113126719847777 -0.123704658584828 0.00861908974260725 0.0559009771622614 0.589709813903919 0.328146710012123 0.171029143326247 0.0937643266574339 1 0.123040905045455 -0.103086773211437 0.0119216216658055
Proteobacteria.Deltaproteobacteria NA NA NA 0.0259065773018534 -0.249959222793725 0.0834080513709311 -0.281533891758257 -0.238590595652182 NA NA 0.422038672644995 0.2489100369478 -0.3098474849194 0.0843977669331939 0.0759265404957625 -0.0233419892202224 0.172260140804879 -0.21010331757447 0.297507743178653 -0.0536453732935718 -0.162395513034907 -0.374304397345935 0.128165967724773 0.0069731472446895 0.00806797694615407 0.0731438049473971 0.253810425279467 0.129179847324989 -0.208586752975713 0.20999031020124 0.166019658730685 0.278186668325857 -0.139473084805521 -0.104720692425529 0.0745289823091226 -0.213828276942878 0.202179509577486 -0.233535593034792 0.217694839929483 0.0543378158515461 -0.121551830132591 0.250108595081352 0.123040905045455 1 0.297817761241346 0.329524835084034
Proteobacteria.Gammaproteobacteria NA NA NA -0.0365627175522772 -0.175614986687762 0.000372916416173731 -0.267815658210917 -0.361681966651129 NA NA -0.0189557098701197 0.0427972188462746 -0.341764819702085 0.272447153146821 -0.193614870942821 0.207067399807183 -0.0111509956707153 -0.364455752039162 0.087473419397182 0.0965661026536704 -0.202444467890439 -0.075797980214838 -0.00820086486399577 -0.098891816070348 -0.0771150198776011 -0.0437605523765788 -0.0643871380095803 -0.137549848790235 -0.234423427392083 0.0555419362536079 0.026073986021001 0.177398331232401 -0.275588198883819 -0.135644503437786 -0.0905931621919247 -0.279680024218004 0.0622040229648244 -0.0772225817300108 0.00205533363670053 -0.00546179362811515 -0.0834149924665031 0.0565731098329748 -0.103086773211437 0.297817761241346 1 0.0614476164912133
TOC..g.kg. NA NA NA 0.124625819809441 0.0194887046476279 0.375050690261894 0.0379550389008982 -0.260803350565185 NA NA 0.242079913133311 -0.123931311278943 -0.065284662591577 -0.00202947031472977 -0.327960735949418 -0.0658689552135651 -0.0636794454262609 -0.34327553477398 0.0172715452515898 0.118793156403054 -0.0123162179404091 -0.214984843824765 -0.0650643334270495 -0.1467286357215 -0.231880103572711 -0.175622879176704 0.205915158287943 -0.247071554641937 -0.25000559961435 0.0586824641941952 -0.00292531992018633 0.106300815397183 -0.170936026472399 0.11266992017553 0.228149338508791 -0.0683904827224134 0.0608119624609287 0.0971654544690477 -0.0161903305914129 -0.294956721658872 0.123769207329425 -0.00727971153940672 0.0119216216658055 0.329524835084034 0.0614476164912133 1
