	NH4+ -N (g/kg)	NO3- -N (g/kg)	NO2- -N (g/kg)	TN (g/kg)	TP (g/kg)	pH	SO42- (g/kg)	Temperature (oC)	Salinity	Moisture (%)	TOC..g.kg.
Acidobacteria	0.169479279	-0.081324069	0.287292352	-0.091795305	0.197078363	-0.168469043	0.380741772	-0.19033683	0.414727995	0.052027337	0.163413991
Actinobacteria	0.00807223	-0.064763875	0.287978861	0.224056653	0.081621164	-0.188657233	0.177257775	-0.005847396	0.01373906	0.025935974	-0.048436262
Alphaproteobacteria	-0.054402757	-0.194986912	-0.044127164	-0.166333169	-0.055033737	-0.109907033	0.250822396	0.177927892	0.378594228	0.164894194	-0.150997288
Bacteroidetes	-0.385345127	-0.166630702	-0.093451874	-0.268988276	-0.267703537	0.147885224	0.130288365	0.453578667	0.08088772	-0.023921676	-0.215298946
Betaproteobacteria	0.004844034	-0.21148571	0.452865076	-0.07924288	0.381422175	-0.247197697	0.465129686	-0.210955241	0.339220496	0.221435265	0.312429706
Calditrichaeota	0.201810162	-0.04062204	-0.001602624	-0.058703467	0.257224399	0.066160912	-0.048890871	-0.171587046	0.034027249	-0.110004449	0.399764935
candidate division WWE3	0.001337449	-0.110037677	0.254357437	-0.219898254	0.038790879	0.031803201	0.537788179	0.190997319	0.34182943	0.29797634	0.237589964
candidate division Zixibacteria	-0.173118351	-0.190790525	-0.095639852	-0.423912608	-0.34320071	-0.039207496	0.271515967	0.176333588	0.362798574	0.264373538	-0.076835661
Candidatus Aminicenantes	0.104600408	-0.14443037	0.31363673	0.205026342	0.275205377	0.314091438	0.074727359	0.025992082	-0.213337887	0.143561353	0.276560967
Candidatus Bathyarchaeota	0	0	0	0	0	0	0	0	0	0	0
Candidatus Dadabacteria	-0.124362849	0.060322479	-0.041748493	-0.360877444	-0.316390816	-0.11009201	0.340200172	0.00657896	0.334657337	0.232674773	-0.375344521
Candidatus Eisenbacteria	-0.233913092	0.11396457	-0.337140507	-0.084242104	-0.442992563	0.126553269	0.01165981	0.358188543	-0.008381438	0.109473447	-0.469040102
Candidatus Falkowbacteria	0	0	0	0	0	0	0	0	0	0	0
Candidatus Hydrogenedentes	0.124144836	-0.245201138	0.333436618	-0.061584164	0.421573312	-0.383937533	0.28113083	-0.303004625	0.298271481	0.073999025	0.268633791
Candidatus Kariarchaeota	-0.233740331	-0.088566978	-0.197055025	-0.401952245	-0.442494407	-0.022642918	0.245947279	0.276787851	0.388921385	0.21061172	-0.223455368
Candidatus Krumholzibacteriota	0.185081981	-0.267728403	-0.002263801	0.195343237	0.155899451	0.129233409	-0.082945403	0.020740236	-0.044841693	0.205487649	0.312644309
Candidatus Latescibacteria	-0.233427004	-0.279781467	0.437199219	0.004228303	0.196403095	0.135602158	0.282062126	-0.012470519	-0.050571757	0.370523118	0.291914348
Candidatus Parcubacteria	0.061680118	-0.155504835	-0.382476489	-0.189516151	-0.157365258	0.035203151	-0.323642202	0.103205787	0.015286827	-0.160400646	0.061495562
Candidatus Rokubacteria	-0.013338698	0.065476489	0.124308566	0.096134854	0.157506886	-0.134116734	0.068783477	-0.210953186	0.045083526	0.012884471	-0.132700626
Candidatus Schekmanbacteria	0.014881872	-0.216053212	0.157459402	-0.104575103	0.132363869	-0.191906706	0.332795024	-0.14544721	0.352194807	0.121983824	0.112403967
Chlamydiae	0	0	0	0	0	0	0	0	0	0	0
Chloroflexi	-0.014468963	-0.289913944	0.137480147	0.109315119	0.111478595	0.050300003	0.031342626	0.219270485	0.071951968	-0.093475312	0.133595756
Cyanobacteria	0.31311111	-0.106447706	-0.115669942	0.091521877	0.069580555	0.235141121	-0.39373814	0.107973615	-0.177133655	-0.285909846	0.206901126
Deinococcus Thermus	0.072538695	-0.17408044	0.042063467	-0.331603718	-0.364182566	-0.207808885	0.378906362	-0.040614599	0.519057409	0.504115486	0.03480413
Deltaproteobacteria	0.352335863	-0.162662915	0.532877482	0.180624988	0.425643076	-0.317782056	0.565971445	-0.228822143	0.439677073	0.402265328	0.315027723
Euryarchaeota	-0.034926358	-0.174781177	-0.130295591	0.220117508	0.121804687	0.446071693	-0.109543377	0.423600832	-0.215657501	-0.114824563	0.044086327
Fibrobacteres	0	0	0	0	0	0	0	0	0	0	0
Firmicutes	0.029212263	-0.00048315	-0.233668455	-0.302516263	-0.257311469	0.301978919	-0.093126744	0.06223049	0.115902971	-0.21430443	0.041991788
Gammaproteobacteria	0.33961023	-0.011928932	0.255463035	0.396752293	0.243309903	-0.282996025	0.091145251	-0.322798143	0.023034128	0.212845903	0.128099273
Gemmatimonadetes	-0.162251815	-0.127339644	0.131110227	0.015397451	0.088208659	-0.073194475	0.087333401	0.212642523	-0.02202999	-0.155018991	0.232916497
Ignavibacteriae	0.209419615	-0.091465988	-0.152929664	0.296105782	0.053494467	-0.07045855	-0.309383506	-0.190755261	-0.093454781	0.089969961	0.054368286
Kiritimatiellaeota	-0.048716555	-0.191593723	0.051270607	0.027006786	0.096170329	-0.025404546	0.25776439	-0.058246705	0.171415448	0.096158884	0.140586069
Lentisphaerae	-0.083348142	-0.143593852	-0.213749066	-0.382216613	-0.404280844	-0.049471494	0.259544155	0.1476636	0.405950087	0.206319431	-0.242321386
Nitrospinae	-0.279374596	-0.043941031	-0.247936499	-0.437882539	-0.381452987	-0.2010225	0.137798311	0.115720431	0.330895438	0.038019769	-0.368557841
Nitrospirae	0.326942472	-0.144074957	0.254676292	0.151305747	0.382234749	-0.065616898	0.3696362	-0.205103897	0.360102857	0.271931104	0.238016982
Other Proteobacteria	0.16016072	0.030009111	0.242309359	-0.009818715	0.022077339	-0.222045651	0.42092815	-0.233768032	0.320456044	0.356304117	0.192567224
Planctomycetes	0.399622848	0.015357648	0.09093962	0.139424936	-0.06078677	-0.315204308	0.135476651	0.048251284	0.229377854	0.138157895	0.076446727
Rhodothermaeota	-0.233743375	-0.073827467	0.189139219	0.044412652	0.195063002	-0.397884062	0.082827896	-0.167279082	-0.020028575	-0.135766073	-0.078930399
Spirochaetes	0	0	0	0	0	0	0	0	0	0	0
Tenericutes	0.004554788	-0.110961177	-0.367929539	-0.216110384	-0.204133844	0.041409888	-0.25649882	0.078584478	0.070805055	-0.102570464	-0.038578795
Thaumarchaeota	-0.394939285	-0.026514078	-0.165066519	-0.494837947	-0.306024503	0.247248477	0.198819602	0.192726687	0.149093975	0.07984596	-0.279123618
Thermodesulfobacteria	0.038661088	-0.241958918	-0.074694756	-0.405266015	-0.20813764	-0.011196653	0.35711538	0.136544893	0.491042287	0.318680766	-0.076629307
Thermoplasmatota	-0.008485935	-0.183649278	0.035509187	0.004095324	0.194721819	-0.133184425	0.101037074	-0.012146224	0.018615593	-0.081484691	-0.047708096
Unclassified Bacteria	-0.137147208	-0.132971736	-0.237940167	-0.278229012	-0.193768966	0.176631197	0.073188522	0.277399854	0.136188298	0.123309137	-0.259762975
Verrucomicrobia	0.262315881	-0.004158875	0.18800614	0.210686641	0.121637348	-0.214231193	-0.170134392	-0.098246688	-0.102604472	-0.117168211	0.199841553
